W|F|Y|C|I|V|L|M|H|T|R|P|Q|N|A|S|K|G|E|D|AA
-10.084803352976898|4.696549860537087|-10.826816425600898|10.869693338929391|-0.09862981948363578|3.8058652617222433|12.502097358507708|10.168498817670446|-17.797440137457155|6.1555646604295315|-12.441067962247441|-9.793294171970594|17.27426482496651|3.023449763139889|-0.7856512596489639|22.640565072473397|21.188258476282524|-10.356345145165596|-6.534465637993092|-21.07860729460392|W
4.696549860537087|-10.723486695334826|-20.6727823604739|16.946019197096252|-3.724576235373717|0.29697740910231946|3.4092250333049328|-5.9968836875700235|-24.25142256011753|-3.9593812859099677|-2.1786949819145853|-1.212757223578336|-13.20833715120561|-0.6344047666141075|-1.4901810362200294|9.017925707132116|-18.322598901122245|-3.26112749167128|-9.679837858052244|0.38558064165386746|F
-10.826816425600898|-20.6727823604739|-20.733137373000044|7.052700618631766|-5.214497007522385|-2.9143348013517962|-6.632192338567319|-1.4939282187606273|-22.770256159381198|-13.245697142244905|-11.75321034519147|-9.333517967875773|-10.329537244614906|-5.242817483381077|-6.956417173857147|-4.708684310631901|-17.675251941647424|-12.925433417339722|-20.04335278812813|-17.78424708711756|Y
10.869693338929391|16.946019197096252|7.052700618631766|59.9076706671389|1.4098857258496418|4.277674377532429|14.868563100814978|8.637092927649839|-23.432518780675903|13.207196846973904|-2.071205161700504|12.865271714367724|-17.124674030631134|6.453994580757093|4.1344552400786|0.7036085125343711|-12.081271376832166|-1.8167847024439652|32.46793425237306|33.562394209148984|C
-0.09862981948363578|-3.724576235373717|-5.214497007522385|1.4098857258496418|14.528017109743569|9.598059552451904|8.976707165476348|0.550640068818566|-2.6814951508615987|10.747585538406483|12.488466850891037|-4.072916513889218|6.644297435939772|-5.1201373764905425|7.45950090421022|16.040375646317028|5.4681237990953715|13.498946885583148|8.55290683372679|-3.7209700314359946|I
3.8058652617222433|0.29697740910231946|-2.9143348013517962|4.277674377532429|9.598059552451904|11.83922711785465|13.748221655704615|4.4690409646950116|-1.2674082205992339|11.863573104325907|2.830991050836965|-2.1522302751100537|3.5644814716433637|-0.6016305875537791|5.06718499429534|17.01149305798958|7.412400088256745|0.009700350247888512|3.045785965069859|3.968450336140086|V
12.502097358507708|3.4092250333049328|-6.632192338567319|14.868563100814978|8.976707165476348|13.748221655704615|8.631027206936183|7.265402622659849|4.424851528516024|11.190036935038913|6.891284101773517|3.515335480455635|4.955076823783107|0.8010422828981206|6.59714811931536|16.95269919070298|-10.292937577775524|3.8323178937823914|-5.109468061072592|4.638714878264149|L
10.168498817670446|-5.9968836875700235|-1.4939282187606273|8.637092927649839|0.550640068818566|4.4690409646950116|7.265402622659849|4.105374642022889|-12.305312327825897|5.140199487895685|4.6949861642839315|5.922437348781378|9.072228404245228|-18.102565856697886|10.187718311298783|7.6935132974715925|-3.9669597880031153|2.4086201707975214|11.178994146101935|4.172919825809056|M
-17.797440137457155|-24.25142256011753|-22.770256159381198|-23.432518780675903|-2.6814951508615987|-1.2674082205992339|4.424851528516024|-12.305312327825897|-19.79051154460725|4.237494101415993|-5.56788171610452|-11.120603271598561|-4.848001598881847|-16.83022327765903|-10.947215311919175|-11.18679258576433|-11.312156339838504|-9.819585209642785|-4.789387953677843|-19.954930784503063|H
6.1555646604295315|-3.9593812859099677|-13.245697142244905|13.207196846973904|10.747585538406483|11.863573104325907|11.190036935038913|5.140199487895685|4.237494101415993|15.317279550285809|-5.320867297692991|-10.593257114404892|15.846960761838705|-4.103335460282998|-2.125949216401644|2.9806545831172726|-0.7677057814200465|-2.3335422210067422|-11.029449651216686|1.4140335170939293|T
-12.441067962247441|-2.1786949819145853|-11.75321034519147|-2.071205161700504|12.488466850891037|2.830991050836965|6.891284101773517|4.6949861642839315|-5.56788171610452|-5.320867297692991|-11.58200102473811|0.8186311514097602|-9.603703180532026|-7.083296088629589|-7.671236673638679|5.903940202886378|-0.5788959848312727|-8.871907801984813|-11.018499105020924|-10.518063627284317|R
-9.793294171970594|-1.212757223578336|-9.333517967875773|12.865271714367724|-4.072916513889218|-2.1522302751100537|3.515335480455635|5.922437348781378|-11.120603271598561|-10.593257114404892|0.8186311514097602|-6.689698633952185|-11.945996191687328|-21.061526049804716|-4.945273354374907|-8.579334268448575|-22.38144844686894|-1.0892025223476436|-9.368489865981383|-19.043123791966835|P
17.27426482496651|-13.20833715120561|-10.329537244614906|-17.124674030631134|6.644297435939772|3.5644814716433637|4.955076823783107|9.072228404245228|-4.848001598881847|15.846960761838705|-9.603703180532026|-11.945996191687328|5.886492818042284|-3.941739848607684|-10.178382076467374|7.169802885047062|-9.214601030868074|-6.411834820146796|-8.827060988223892|-0.5573283821509788|Q
3.023449763139889|-0.6344047666141075|-5.242817483381077|6.453994580757093|-5.1201373764905425|-0.6016305875537791|0.8010422828981206|-18.102565856697886|-16.83022327765903|-4.103335460282998|-7.083296088629589|-21.061526049804716|-3.941739848607684|6.219561300357933|-9.517697340716023|16.540437728238505|-2.026083653028341|1.1923041517566804|-9.67250357835191|-0.15957611699322477|N
-0.7856512596489639|-1.4901810362200294|-6.956417173857147|4.1344552400786|7.45950090421022|5.06718499429534|6.59714811931536|10.187718311298783|-10.947215311919175|-2.125949216401644|-7.671236673638679|-4.945273354374907|-10.178382076467374|-9.517697340716023|-2.8304278761397326|10.070520909883463|-4.3371045767718766|3.2328022537251115|-8.131086651269015|1.7523188609291689|A
22.640565072473397|9.017925707132116|-4.708684310631901|0.7036085125343711|16.040375646317028|17.01149305798958|16.95269919070298|7.6935132974715925|-11.18679258576433|2.9806545831172726|5.903940202886378|-8.579334268448575|7.169802885047062|16.540437728238505|10.070520909883463|4.329035736682693|5.119482296170314|8.118928781727655|0.6116582205808285|2.8432978653726924|S
21.188258476282524|-18.322598901122245|-17.675251941647424|-12.081271376832166|5.4681237990953715|7.412400088256745|-10.292937577775524|-3.9669597880031153|-11.312156339838504|-0.7677057814200465|-0.5788959848312727|-22.38144844686894|-9.214601030868074|-2.026083653028341|-4.3371045767718766|5.119482296170314|-28.189341633083142|0.9687353894635585|-14.945058471276058|-15.937862257142083|K
-10.356345145165596|-3.26112749167128|-12.925433417339722|-1.8167847024439652|13.498946885583148|0.009700350247888512|3.8323178937823914|2.4086201707975214|-9.819585209642785|-2.3335422210067422|-8.871907801984813|-1.0892025223476436|-6.411834820146796|1.1923041517566804|3.2328022537251115|8.118928781727655|0.9687353894635585|8.10499527390316|-5.49365134092698|-3.2392783951746518|G
-6.534465637993092|-9.679837858052244|-20.04335278812813|32.46793425237306|8.55290683372679|3.045785965069859|-5.109468061072592|11.178994146101935|-4.789387953677843|-11.029449651216686|-11.018499105020924|-9.368489865981383|-8.827060988223892|-9.67250357835191|-8.131086651269015|0.6116582205808285|-14.945058471276058|-5.49365134092698|-6.581793743143223|-17.65903973441769|E
-21.07860729460392|0.38558064165386746|-17.78424708711756|33.562394209148984|-3.7209700314359946|3.968450336140086|4.638714878264149|4.172919825809056|-19.954930784503063|1.4140335170939293|-10.518063627284317|-19.043123791966835|-0.5573283821509788|-0.15957611699322477|1.7523188609291689|2.8432978653726924|-15.937862257142083|-3.2392783951746518|-17.65903973441769|14.594757306096701|D
