W|F|Y|C|I|V|L|M|H|T|R|P|Q|N|A|S|K|G|E|D|AA
-10.02646597788566|4.70275064229183|-10.876180829704511|10.917675176691946|-0.020761348802815074|3.8671273289597274|12.55331176236931|10.220630498941336|-17.711181233709635|6.17702765780404|-12.399605672839881|-9.736568491229503|17.303580269482683|3.043435654228519|-0.7238949638364348|22.63215431169991|21.19814543625738|-10.318487295976196|-6.481293870282677|-20.988421593851825|W
4.70275064229183|-10.670571116643845|-20.632901358471432|17.038523308863983|-3.6726742692664613|0.3082753430249318|3.4386368521885666|-5.9544571089528056|-24.226640904422243|-3.9817007937889866|-2.1121111268853916|-1.1713541718533262|-13.168169209603601|-0.6679193359463848|-1.5385317419871203|9.032573703109323|-18.3450082475799|-3.324360142760657|-9.647347253229322|0.43760560252773467|F
-10.876180829704511|-20.632901358471432|-20.743551976662367|7.123450131217385|-5.160782222642045|-2.9239001491033387|-6.588181181565372|-1.4369013456927342|-22.697332031175687|-13.267166718525495|-11.695736581234117|-9.308191943470163|-10.307276971590964|-5.280194422922494|-6.9598221424117295|-4.74399521156221|-17.711181233709635|-12.925119668865687|-20.04625220514682|-17.745514753746388|Y
10.917675176691946|17.038523308863983|7.123450131217385|59.98666193972421|1.5123587228190334|4.373294601597605|14.966415697951248|8.739565924619223|-23.330045783706517|13.268367464995492|-1.9687321647311167|12.950404144849866|-17.022201033661748|6.556467577726487|4.236928237047997|0.8060815095037633|-11.978798379862779|-1.7143117054745791|32.57040724934246|33.664867206118366|C
-0.020761348802815074|-3.6726742692664613|-5.160782222642045|1.5123587228190334|14.606156212730026|9.619407120319647|9.043333480013574|0.6171855556112084|-2.6437649330116284|10.712126758331685|12.574147948621592|-4.038782552563653|6.685614490932154|-5.1780194473256715|7.4723715611659705|15.98463554229895|5.485124423470209|13.516128193048935|8.581464337491907|-3.7558757561477716|I
3.8671273289597274|0.3082753430249318|-2.9239001491033387|4.373294601597605|9.619407120319647|11.762991472634873|13.743640035185848|4.50360662664425|-1.2497418277907322|11.631979756233555|2.8848961069468984|-2.154638947460783|3.524783508495899|-0.7168940635817588|4.976743153759351|16.893716736360044|7.326562991314796|-0.040258030334215794|3.0228811576509043|3.8316651484253947|V
12.55331176236931|3.4386368521885666|-6.588181181565372|14.966415697951248|9.043333480013574|13.743640035185848|8.678921175005089|7.318194643927011|4.48135932642624|11.114255630735641|6.953694450773365|3.568326030421467|4.943717583687935|0.8184172307130139|6.595453375803059|16.901803780411225|-10.309847808716869|3.858388862854631|-5.090157058370419|4.610376185400391|L
10.220630498941336|-5.9544571089528056|-1.4369013456927342|8.739565924619223|0.6171855556112084|4.50360662664425|7.318194643927011|4.183598923571508|-12.242652425950611|5.1486752975904935|4.779081511699031|5.965691726464131|9.098957849091201|-18.020803135843583|10.204238197091513|7.6752929841819295|-3.919259718195943|2.5002884785233856|11.203535702817053|4.197123915465874|M
-17.711181233709635|-24.226640904422243|-22.697332031175687|-23.330045783706517|-2.6437649330116284|-1.2497418277907322|4.48135932642624|-12.242652425950611|-19.70642916751475|4.227034941291709|-5.5043705472779045|-11.125713694151832|-4.839475287679116|-16.886580574228084|-10.896199013138133|-11.167351495566773|-11.27022907718434|-9.752918503917877|-4.739012066797772|-19.93186560765796|H
6.17702765780404|-3.9817007937889866|-13.267166718525495|13.268367464995492|10.712126758331685|11.631979756233555|11.114255630735641|5.1486752975904935|4.227034941291709|14.800912663743231|-5.277118022668616|-10.62304919075041|15.711906103760127|-4.328815435045413|-2.290719835597846|2.7158731763187265|-0.9833986630695944|-2.4111412352140182|-11.160717838336847|1.2857028803708004|T
-12.399605672839881|-2.1121111268853916|-11.695736581234117|-1.9687321647311167|12.574147948621592|2.8848961069468984|6.953694450773365|4.779081511699031|-5.5043705472779045|-5.277118022668616|-11.535761944974624|0.8746762260702574|-9.540027263318365|-7.102328421649186|-7.603219924943029|5.9147361319874285|-0.5195903520594471|-8.787343856069343|-10.959316669287242|-10.464223836058153|R
-9.736568491229503|-1.1713541718533262|-9.308191943470163|12.950404144849866|-4.038782552563653|-2.154638947460783|3.568326030421467|5.965691726464131|-11.125713694151832|-10.62304919075041|0.8746762260702574|-6.632265255424882|-11.935710553022846|-21.05144860793316|-4.942671011578479|-8.614531608631165|-22.340884866214214|-1.0706682642507312|-9.329177799560401|-19.022055595195862|P
17.303580269482683|-13.168169209603601|-10.307276971590964|-17.022201033661748|6.685614490932154|3.524783508495899|4.943717583687935|9.098957849091201|-4.839475287679116|15.711906103760127|-9.540027263318365|-11.935710553022846|5.9074518784036005|-3.9726702684362194|-10.17707449033766|7.106472238823554|-9.185787224199272|-6.3742676036637205|-8.810380635869992|-0.5386649304479125|Q
3.043435654228519|-0.6679193359463848|-5.280194422922494|6.556467577726487|-5.1780194473256715|-0.7168940635817588|0.8184172307130139|-18.020803135843583|-16.886580574228084|-4.328815435045413|-7.102328421649186|-21.05144860793316|-3.9726702684362194|6.174207197471172|-9.727516865008855|16.441217813339833|-2.217741932180939|1.0901461048808903|-9.710084625390362|-0.25411346197151496|N
-0.7238949638364348|-1.5385317419871203|-6.9598221424117295|4.236928237047997|7.4723715611659705|4.976743153759351|6.595453375803059|10.204238197091513|-10.896199013138133|-2.290719835597846|-7.603219924943029|-4.942671011578479|-10.17707449033766|-9.727516865008855|-2.8941709965516362|9.935274228489472|-4.406726986050939|3.2322063932365657|-8.155316403480636|1.6271809875519367|A
22.63215431169991|9.032573703109323|-4.74399521156221|0.8060815095037633|15.98463554229895|16.893716736360044|16.901803780411225|7.6752929841819295|-11.167351495566773|2.7158731763187265|5.9147361319874285|-8.614531608631165|7.106472238823554|16.441217813339833|9.935274228489472|4.257061199446736|4.9975776219883|8.135629305411463|0.5807512125985731|2.786379358031509|S
21.19814543625738|-18.3450082475799|-17.711181233709635|-11.978798379862779|5.485124423470209|7.326562991314796|-10.309847808716869|-3.919259718195943|-11.27022907718434|-0.9833986630695944|-0.5195903520594471|-22.340884866214214|-9.185787224199272|-2.217741932180939|-4.406726986050939|4.9975776219883|-28.166264358757186|0.9763957268926059|-14.969987760521198|-15.95432291978194|K
-10.318487295976196|-3.324360142760657|-12.925119668865687|-1.7143117054745791|13.516128193048935|-0.040258030334215794|3.858388862854631|2.5002884785233856|-9.752918503917877|-2.4111412352140182|-8.787343856069343|-1.0706682642507312|-6.3742676036637205|1.0901461048808903|3.2322063932365657|8.135629305411463|0.9763957268926059|8.125457118991752|-5.469403195799245|-3.206761234437113|G
-6.481293870282677|-9.647347253229322|-20.04625220514682|32.57040724934246|8.581464337491907|3.0228811576509043|-5.090157058370419|11.203535702817053|-4.739012066797772|-11.160717838336847|-10.959316669287242|-9.329177799560401|-8.810380635869992|-9.710084625390362|-8.155316403480636|0.5807512125985731|-14.969987760521198|-5.469403195799245|-6.626069537468261|-17.642395714376235|E
-20.988421593851825|0.43760560252773467|-17.745514753746388|33.664867206118366|-3.7558757561477716|3.8316651484253947|4.610376185400391|4.197123915465874|-19.93186560765796|1.2857028803708004|-10.464223836058153|-19.022055595195862|-0.5386649304479125|-0.25411346197151496|1.6271809875519367|2.786379358031509|-15.95432291978194|-3.206761234437113|-17.642395714376235|14.450471410866244|D
