W,F,Y,C,I,V,L,M,H,T,R,P,Q,N,A,S,K,G,E,D,AA
40.15282138961488,2.440804916168465,11.02580555213238,10.04982182321676,-0.0959422526609436,24.662625391040567,13.19066824837918,-11.338160171291344,1.032158788307962,-20.05317774318136,19.740823124022405,31.60980185715224,-9.138730800674557,-22.280817214296583,16.74450078627808,15.165074067954892,-23.27164608032149,14.189090339039268,17.18541267678358,58.951869625153776,W
2.440804916168465,86.95060891759415,35.57707233354738,-0.0959422526609436,16.074624551407858,2.131697218454275,6.422552094771712,2.61158550663115,25.63860911995619,2.61158550663115,-14.405042147936534,-12.917586889614538,14.842177054935044,20.69535491464544,7.246949463192415,-2.4440518376132414,16.52235478688228,16.589117979415917,1.0321587883079666,6.270965734276785,F
11.02580555213238,35.57707233354738,29.23837444710807,7.24694946319241,-3.490595205429736,0.8559741726792927,19.130563225337017,-11.621089173177769,52.64669505044488,20.69535491464544,-3.255840859831182,4.51954097652621,3.555741129915301,26.01990610996795,17.2380225538293,37.67046301711167,6.073109136067992,4.9345695784786345,3.8051929828230793,-1.4221353194446296,Y
10.04982182321676,-0.0959422526609436,7.24694946319241,inf,36.76699466351815,-10.945130808448104,9.051399732556671,-8.65884251249768,inf,-2.444051837613232,4.250627125448089,10.04982182321676,72.88871482824793,-10.362176442375716,7.24694946319241,25.176589356281674,-17.056855405437034,8.201481253815448,-2.444051837613232,-10.362176442375716,C
-0.0959422526609436,16.074624551407858,-3.490595205429736,36.76699466351815,-4.0379719477580185,-2.26119073297242,-1.4058482582410494,11.822698519259918,8.201481253815448,-6.925286279249468,-21.75651167305939,-8.443844805141778,3.4680933742524305,1.4017733443043388,0.3103230877897982,2.1316972184542804,-23.27164608032149,4.250627125448083,7.053499485472438,13.046144160961084,I
24.662625391040567,2.131697218454275,0.8559741726792927,-10.945130808448104,-2.26119073297242,-8.994206713256464,-9.47712066751386,-22.32749045703733,-19.193160566989604,-13.217722487681003,-20.05317774318136,-3.916377519683862,-2.444051837613232,19.067484858125567,2.6712004071248985,-1.14755412117647,-17.786779279586977,-7.674961802345587,-2.444051837613232,7.964807925904743,V
13.19066824837918,6.422552094771712,19.130563225337017,9.051399732556671,-1.4058482582410494,-9.47712066751386,-0.0129031294839897,4.09904076495315,-22.60858819042017,-14.47343499386688,-10.362176442375716,4.614055590957491,12.254835897524178,-3.968048493286914,-2.734550901953957,-0.5555174215758567,1.8828171780848089,-1.2780905831138971,23.36204038946688,-4.643481208230017,L
-11.338160171291344,2.61158550663115,-11.621089173177769,-8.65884251249768,11.822698519259918,-22.32749045703733,4.09904076495315,-25.852372440950035,-13.358498780120035,-10.362176442375716,-43.28459607263349,-36.32590749295134,-2.444051837613232,-9.289789903198404,-18.063694871487428,0.1113586096255827,-13.358498780120035,-17.309352908487398,-10.362176442375716,-4.083093456430172,M
1.032158788307962,25.63860911995619,52.64669505044488,inf,8.201481253815448,-19.193160566989604,-22.60858819042017,-13.358498780120035,40.15282138961488,-22.40128732813365,-13.358498780120035,-13.74800316847245,7.24694946319241,-11.461714872522034,13.268290160356887,17.967946427979246,-10.362176442375716,7.469095462588214,-9.907413667303654,12.03930469491069,H
-20.05317774318136,2.61158550663115,20.69535491464544,-2.444051837613232,-6.925286279249468,-13.217722487681003,-14.47343499386688,-10.362176442375716,-22.40128732813365,-20.05317774318136,-12.757389554928544,0.0033251007068227,-18.98079120400404,-1.7601093845826854,13.895647005134329,30.214358176023705,-17.52259121670434,14.000675951584116,11.122208362394076,16.264612498101215,T
19.740823124022405,-14.405042147936534,-3.255840859831182,4.250627125448089,-21.75651167305939,-20.05317774318136,-10.362176442375716,-43.28459607263349,-13.358498780120035,-12.757389554928544,5.607907844375474,-26.3087281096455,-6.583320353435742,-18.894990488199845,-1.3975084697967362,-12.135053138418872,-33.01656352484934,-10.362176442375716,-12.995070314610627,-4.844079477989887,R
31.60980185715224,-12.917586889614538,4.51954097652621,10.04982182321676,-8.443844805141778,-3.916377519683862,4.614055590957491,-36.32590749295134,-13.74800316847245,0.0033251007068227,-26.3087281096455,-3.9163775196838704,4.614055590957491,30.461820088809244,2.794755108355593,21.164867035483432,10.877074419815752,10.723160089113604,12.485756409161231,35.03756914487675,P
-9.138730800674557,14.842177054935044,3.555741129915301,72.88871482824793,3.4680933742524305,-2.444051837613232,12.254835897524178,-2.444051837613232,7.24694946319241,-18.98079120400404,-6.583320353435742,4.614055590957491,4.250627125448089,11.980337342755425,0.7744164995268961,-12.33658226195143,9.135483879229788,19.740823124022405,1.617733253213168,-13.686269756243638,Q
-22.280817214296583,20.69535491464544,26.01990610996795,-10.362176442375716,1.4017733443043388,19.067484858125567,-3.968048493286914,-9.289789903198404,-11.461714872522034,-1.7601093845826854,-18.894990488199845,30.461820088809244,11.980337342755425,-4.292392407014545,11.822698519259925,-0.0959422526609436,-16.576967117260168,-2.444051837613232,28.45584069591242,2.1316972184542804,N
16.74450078627808,7.246949463192415,17.2380225538293,7.24694946319241,0.3103230877897982,2.6712004071248985,-2.734550901953957,-18.063694871487428,13.268290160356887,13.895647005134329,-1.3975084697967362,2.794755108355593,0.7744164995268961,11.822698519259925,8.470395104893571,-10.063691087429495,-13.358498780120035,-2.4440518376132414,-6.086978400280726,14.79228681603058,A
15.165074067954892,-2.4440518376132414,37.67046301711167,25.176589356281674,2.1316972184542804,-1.14755412117647,-0.5555174215758567,0.1113586096255827,17.967946427979246,30.214358176023705,-12.135053138418872,21.164867035483432,-12.33658226195143,-0.0959422526609436,-10.063691087429495,70.25582095601301,-20.05317774318136,16.52235478688228,-3.9163775196838704,1.617733253213168,S
-23.27164608032149,16.52235478688228,6.073109136067992,-17.056855405437034,-23.27164608032149,-17.786779279586977,1.8828171780848089,-13.358498780120035,-10.362176442375716,-17.52259121670434,-33.01656352484934,10.877074419815752,9.135483879229788,-16.576967117260168,-13.358498780120035,-20.05317774318136,-2.444051837613232,-23.27164608032149,0.1440000603845155,-3.879866842299952,K
14.189090339039268,16.589117979415917,4.9345695784786345,8.201481253815448,4.250627125448083,-7.674961802345587,-1.2780905831138971,-17.309352908487398,7.469095462588214,14.000675951584116,-10.362176442375716,10.723160089113604,19.740823124022405,-2.444051837613232,-2.4440518376132414,16.52235478688228,-23.27164608032149,16.46157178439165,3.2597982594231856,16.11960585857793,G
17.18541267678358,1.0321587883079666,3.8051929828230793,-2.444051837613232,7.053499485472438,-2.444051837613232,23.36204038946688,-10.362176442375716,-9.907413667303654,11.122208362394076,-12.995070314610627,12.485756409161231,1.617733253213168,28.45584069591242,-6.086978400280726,-3.9163775196838704,0.1440000603845155,3.2597982594231856,-10.362176442375716,7.469095462588214,E
58.951869625153776,6.270965734276785,-1.4221353194446296,-10.362176442375716,13.046144160961084,7.964807925904743,-4.643481208230017,-4.083093456430172,12.03930469491069,16.264612498101215,-4.844079477989887,35.03756914487675,-13.686269756243638,2.1316972184542804,14.79228681603058,1.617733253213168,-3.879866842299952,16.11960585857793,7.469095462588214,-8.65884251249768,D
