W|F|Y|C|I|V|L|M|H|T|R|P|Q|N|A|S|K|G|E|D|AA
30.068018036637984|7.1373547767055525|0.19898912653148085|20.91951516214616|-0.19457207214458677|28.468490652762807|25.692765606886887|-1.169661353620899|-16.765281349149195|-13.897613082751828|7.299755161774958|21.816507685181655|8.135534024291958|-19.257367451156693|15.958849526629123|37.80563914042829|-2.0833876040389683|3.832745193873667|10.650947038790495|37.87326233054986|W
7.1373547767055525|76.22712222225934|14.904289973073473|16.850076944435305|12.350048316034137|2.4286746275565996|9.831777128076645|-3.3852981809388685|1.3871865598386572|-1.34779577927882|-16.58373712985112|-14.130344113192873|1.6338399037294278|20.06095014803134|5.75676842697239|6.573873869518875|-1.8002441142399732|13.327990487744637|-8.647679069744278|6.65654637593065|F
0.19898912653148085|14.904289973073473|8.505237074108033|14.299650081824177|-8.705092212952117|-2.058360628672502|12.4983708867697|-13.115017391938402|29.87643889106368|7.4496577724005375|-15.00905120502265|-4.813976991349563|-6.773796114699608|20.77708862658687|10.281605379972156|32.96177870647977|-11.602142805579431|-7.990863838861091|-16.238159805305038|-19.206382406562188|Y
20.91951516214616|16.850076944435305|14.299650081824177|inf|38.17688038936778|-6.667456430915678|23.919962833371645|-0.0217495848478419|inf|10.763145009360676|2.1794219637475796|22.915093537584486|55.76404079761679|-3.9081818616186217|11.38140470327101|25.880197868816047|-29.138126782269207|6.38469655137148|30.02388241475984|23.200217766773257|C
-0.19457207214458677|12.350048316034137|-8.705092212952117|38.17688038936778|10.490045161985552|7.336868819479476|7.570858907235288|12.373338588078484|5.51998610295384|3.8222992591570124|-9.268044822168356|-12.516761319030994|10.112390810192206|-3.718364032186202|7.769823992000019|18.17207286477131|-17.803522281226115|17.749574011031232|15.606406319199234|9.325174129525085|I
28.468490652762807|2.4286746275565996|-2.058360628672502|-6.667456430915678|7.336868819479476|2.8450204045981846|4.2711009881907565|-17.858449492342316|-20.460568787588834|-1.3541493833550928|-17.22218669234439|-6.068607794793915|1.1204296340301307|18.46585427057179|7.738385401420239|15.863938936813113|-10.37437919133024|-7.665261452097696|0.6017341274566226|11.933258262044834|V
25.692765606886887|9.831777128076645|12.4983708867697|23.919962833371645|7.570858907235288|4.2711009881907565|8.618124077452194|11.364443387612997|-18.18373666190415|-3.283398058827966|-3.470892340602198|8.129391071413126|17.209912721307287|-3.1670062103887924|3.8625972173614067|16.39718176912713|-8.410120399690712|2.5542273106684883|18.252572328394283|-0.00476632996586968|L
-1.169661353620899|-3.3852981809388685|-13.115017391938402|-0.0217495848478419|12.373338588078484|-17.858449492342316|11.364443387612997|-21.746997798927143|-25.663811107945932|-5.221976954480035|-38.58960990834955|-30.403470144169965|6.628176566632002|-27.39235575989629|-7.875976560188645|7.804871907097173|-17.325458568123153|-14.900732737689879|0.8168177037262198|0.08982636937888316|M
-16.765281349149195|1.3871865598386572|29.87643889106368|inf|5.51998610295384|-20.460568787588834|-18.18373666190415|-25.663811107945932|20.36230984500763|-18.163793226717655|-18.926380496224553|-24.868606440071016|2.3989478643105624|-28.29193815018106|2.321074848437713|6.781153842214917|-21.67433278221422|-2.350489747054569|-14.696801620981494|-7.915626089592373|H
-13.897613082751828|-1.34779577927882|7.4496577724005375|10.763145009360676|3.8222992591570124|-1.3541493833550928|-3.283398058827966|-5.221976954480035|-18.163793226717655|-4.735898192895553|-18.078256852621543|-10.589932013698075|-3.1338304421653347|-5.863444844865692|11.769697788732687|33.19501275914097|-18.29029699812439|11.667133730577373|0.09275871117739713|17.67864601519515|T
7.299755161774958|-16.58373712985112|-15.00905120502265|2.1794219637475796|-9.268044822168356|-17.22218669234439|-3.470892340602198|-38.58960990834955|-18.926380496224553|-18.078256852621543|-5.974093180362639|-25.490096958235743|-16.18702353396777|-25.978286576829433|-9.068745143435413|-6.231112935532491|-33.59545950968062|-19.234084244360524|-24.01356941963156|-15.362143105274201|R
21.816507685181655|-14.130344113192873|-4.813976991349563|22.915093537584486|-12.516761319030994|-6.068607794793915|8.129391071413126|-30.403470144169965|-24.868606440071016|-10.589932013698075|-25.490096958235743|-10.60607615363605|-7.331940600729838|9.400294039004525|-2.150518246019323|12.585532767034854|-11.504374027053183|9.633957566765961|3.1172665431798476|15.994445352909919|P
8.135534024291958|1.6338399037294278|-6.773796114699608|55.76404079761679|10.112390810192206|1.1204296340301307|17.209912721307287|6.628176566632002|2.3989478643105624|-3.1338304421653347|-16.18702353396777|-7.331940600729838|10.13711994349037|8.038597494147732|-9.403965576940482|-5.166779376904365|-0.0791171516382827|13.328988303875612|-7.209327735010724|-14.243598138394612|Q
-19.257367451156693|20.06095014803134|20.77708862658687|-3.9081818616186217|-3.718364032186202|18.46585427057179|-3.1670062103887924|-27.39235575989629|-28.29193815018106|-5.863444844865692|-25.978286576829433|9.400294039004525|8.038597494147732|1.9271688933433815|2.305001178543903|16.44449547557756|-18.603050770288508|-1.2517476858565535|18.783337117560507|1.9721211014610558|N
15.958849526629123|5.75676842697239|10.281605379972156|11.38140470327101|7.769823992000019|7.738385401420239|3.8625972173614067|-7.875976560188645|2.321074848437713|11.769697788732687|-9.068745143435413|-2.150518246019323|-9.403965576940482|2.305001178543903|5.639967228753834|0.0068298224539652015|-17.695603356891905|0.7887504161118745|-14.218065051549738|16.544605676959748|A
37.80563914042829|6.573873869518875|32.96177870647977|25.880197868816047|18.17207286477131|15.863938936813113|16.39718176912713|7.804871907097173|6.781153842214917|33.19501275914097|-6.231112935532491|12.585532767034854|-5.166779376904365|16.44449547557756|0.0068298224539652015|74.5848566926957|-14.933695447011045|24.64128356860993|-3.304719299103035|4.461031118585862|S
-2.0833876040389683|-1.8002441142399732|-11.602142805579431|-29.138126782269207|-17.803522281226115|-10.37437919133024|-8.410120399690712|-17.325458568123153|-21.67433278221422|-18.29029699812439|-33.59545950968062|-11.504374027053183|-0.0791171516382827|-18.603050770288508|-17.695603356891905|-14.933695447011045|-30.63339347069637|-22.30291069085793|-14.801058410891542|-19.817729099442033|K
3.832745193873667|13.327990487744637|-7.990863838861091|6.38469655137148|17.749574011031232|-7.665261452097696|2.5542273106684883|-14.900732737689879|-2.350489747054569|11.667133730577373|-19.234084244360524|9.633957566765961|13.328988303875612|-1.2517476858565535|0.7887504161118745|24.64128356860993|-22.30291069085793|24.566567058294808|-2.2338530815037965|12.88032746340328|G
10.650947038790495|-8.647679069744278|-16.238159805305038|30.02388241475984|15.606406319199234|0.6017341274566226|18.252572328394283|0.8168177037262198|-14.696801620981494|0.09275871117739713|-24.01356941963156|3.1172665431798476|-7.209327735010724|18.783337117560507|-14.218065051549738|-3.304719299103035|-14.801058410891542|-2.2338530815037965|-16.943970185518946|-10.189944271829475|E
37.87326233054986|6.65654637593065|-19.206382406562188|23.200217766773257|9.325174129525085|11.933258262044834|-0.00476632996586968|0.08982636937888316|-7.915626089592373|17.67864601519515|-15.362143105274201|15.994445352909919|-14.243598138394612|1.9721211014610558|16.544605676959748|4.461031118585862|-19.817729099442033|12.88032746340328|-10.189944271829475|5.935914793599018|D
