W|F|Y|C|I|V|L|M|H|T|R|P|Q|N|A|S|K|G|E|D|AA
-34.65371852722169|-41.016985038794495|-52.81935864752955|-16.767713244093333|-30.451527628365938|-22.613495957639685|-23.2703698703435|-21.905746175823232|-38.63568646345448|-7.398341472416218|-32.57041397962176|-34.541828265313654|6.379077459524614|-1.4390212378450746|-9.702003880868213|17.847013141501645|20.12635278343614|-10.282869229623373|-8.551469125893455|-18.38942068197909|W
-41.016985038794495|-30.688442335080516|-62.90197205565037|-13.901690216310318|-42.98738853802522|-32.88955934348212|-35.176329995517506|-43.13523290184147|-36.64002218786122|-15.157970808689242|-9.483145844699594|-9.788054227472747|-10.268767876357568|0.5929401131511746|-12.059942661947066|8.219162508451898|-9.33826322629627|-2.353512012528626|2.440973621479488|14.517868499970756|F
-52.81935864752955|-62.90197205565037|-35.576587827227726|-17.326364051367634|-37.113076805959736|-30.043728001862966|-35.71263443976574|-31.67901930429835|-51.01487266566364|-29.323522335908493|-34.32325515757774|-32.37307058592309|-20.591364580872586|-18.42251910694426|-15.329925511763735|-13.135151219695128|-28.070121598828347|-17.423248485864196|-28.63577216563149|-28.27761700054023|Y
-16.767713244093333|-13.901690216310318|-17.326364051367634|13.607198259736117|-23.903345343623407|-16.83399653952521|-5.386501179751682|-11.276944200090867|-39.460482108576684|10.485527218178518|-2.975205379395705|11.59669942227798|-3.357695043779321|14.217207981633731|5.185542471980495|8.110240638199109|1.6924312327472206|5.670483941430144|53.26566894772709|56.314620415312625|C
-30.451527628365938|-42.98738853802522|-37.113076805959736|-23.903345343623407|1.5725773279243707|-26.076847354698007|-28.53748070557538|-28.28793648562675|-4.038593226555329|3.3105428729690245|13.335270238606547|0.26099462295325154|17.24560062840468|8.72667930119918|-0.7929626702633358|24.934680221441603|19.295895258614166|24.788867509721346|27.856663769249206|19.99116829432924|I
-22.613495957639685|-32.88955934348212|-30.043728001862966|-16.83399653952521|-26.076847354698007|7.590763462483198|-17.408581813004247|-18.066882536923828|-1.450478864095846|5.47495194110367|4.568369833178096|4.226920053053056|14.466309308200142|12.263231871121636|-1.8836858832706354|26.568262793279207|20.88037726197624|10.8162875302606|22.238688934796144|26.342658635713395|V
-23.2703698703435|-35.176329995517506|-35.71263443976574|-5.386501179751682|-28.53748070557538|-17.408581813004247|0.31568562170510656|-18.778022917003568|5.326313702544074|9.810931657116265|6.8517440758767005|8.234889221185707|15.893249514694933|18.42746917435533|2.114231335229857|30.480537214965835|9.493948014532059|20.58376261278224|18.027982484193554|34.20073813057526|L
-21.905746175823232|-43.13523290184147|-31.67901930429835|-11.276944200090867|-28.28793648562675|-18.066882536923828|-18.778022917003568|6.689539349170322|-15.278049225105395|1.5686381975066797|6.763574873319025|6.458666490546141|20.461309374185532|-8.2659412390439|9.085424125159891|15.543564792294301|13.380990455388261|11.618895991634586|30.082029570182385|23.509522503128036|M
-38.63568646345448|-36.64002218786122|-51.01487266566364|-39.460482108576684|-4.038593226555329|-1.450478864095846|5.326313702544074|-15.278049225105395|-18.05968497394553|1.7847659255395463|-10.452521030331084|-7.984985501135795|1.295434500607045|-15.56888984249156|7.399228121850146|-7.6486280830075|0.9097945448719998|2.144022418863233|-7.722966872944882|-27.075496542645215|H
-7.398341472416218|-15.157970808689242|-29.323522335908493|10.485527218178518|3.3105428729690245|5.47495194110367|9.810931657116265|1.5686381975066797|1.7847659255395463|44.351545448551626|-2.6579507881806066|-0.04496344055936814|25.18130996652349|0.3717091276931308|12.48196575778104|13.417827319048184|13.646468722683009|12.236983353081534|6.471907292165523|15.168994354997295|T
-32.57041397962176|-9.483145844699594|-34.32325515757774|-2.975205379395705|13.335270238606547|4.568369833178096|6.8517440758767005|6.763574873319025|-10.452521030331084|-2.6579507881806066|15.879365483638344|2.3135586698302077|-7.812484335183553|-5.939581731745738|10.785182946888956|13.346452647599177|20.95034348485588|3.69805302252814|-31.097636065609297|-30.415076417801828|R
-34.541828265313654|-9.788054227472747|-32.37307058592309|11.59669942227798|0.26099462295325154|4.226920053053056|8.234889221185707|6.458666490546141|-7.984985501135795|-0.04496344055936814|2.3135586698302077|31.466952409899378|0.06474150342638908|-8.208119969013392|16.642070176670618|10.10863327394206|5.066639625976485|18.744601326645412|15.23719448440651|3.786292898266977|P
6.379077459524614|-10.268767876357568|-20.591364580872586|-3.357695043779321|17.24560062840468|14.466309308200142|15.893249514694933|20.461309374185532|1.295434500607045|25.18130996652349|-7.812484335183553|0.06474150342638908|45.82957179676623|6.306467328229486|18.83478185251034|26.17332973282035|10.456813859494723|18.916974393656517|14.627033800222225|20.231395715047245|Q
-1.4390212378450746|0.5929401131511746|-18.42251910694426|14.217207981633731|8.72667930119918|12.263231871121636|18.42746917435533|-8.2659412390439|-15.56888984249156|0.3717091276931308|-5.939581731745738|-8.208119969013392|6.306467328229486|30.938640337804706|18.28659500711271|26.07182651668209|13.090149838000873|16.92319590716259|9.939578439001965|9.209673817649138|N
-9.702003880868213|-12.059942661947066|-15.329925511763735|5.185542471980495|-0.7929626702633358|-1.8836858832706354|2.114231335229857|9.085424125159891|7.399228121850146|12.48196575778104|10.785182946888956|16.642070176670618|18.83478185251034|18.28659500711271|41.13046208412738|36.39836012862986|30.943015557605175|28.886483029172865|32.347308651544225|41.44433485726912|A
17.847013141501645|8.219162508451898|-13.135151219695128|8.110240638199109|24.934680221441603|26.568262793279207|30.480537214965835|15.543564792294301|-7.6486280830075|13.417827319048184|13.346452647599177|10.10863327394206|26.17332973282035|26.07182651668209|36.39836012862986|50.47254615078266|28.928536202247535|30.384910075633258|24.570972826525438|21.225796345022736|S
20.12635278343614|-9.33826322629627|-28.070121598828347|1.6924312327472206|19.295895258614166|20.88037726197624|9.493948014532059|13.380990455388261|0.9097945448719998|13.646468722683009|20.95034348485588|5.066639625976485|10.456813859494723|13.090149838000873|30.943015557605175|28.928536202247535|34.143838357320824|28.22233573872719|-19.218340486538267|-23.363672731321888|K
-10.282869229623373|-2.353512012528626|-17.423248485864196|5.670483941430144|24.788867509721346|10.8162875302606|20.58376261278224|11.618895991634586|2.144022418863233|12.236983353081534|3.69805302252814|18.744601326645412|18.916974393656517|16.92319590716259|28.886483029172865|30.384910075633258|28.22233573872719|51.60691960168941|30.310571285696437|22.847824739081062|G
-8.551469125893455|2.440973621479488|-28.63577216563149|53.26566894772709|27.856663769249206|22.238688934796144|18.027982484193554|30.082029570182385|-7.722966872944882|6.471907292165523|-31.097636065609297|15.23719448440651|14.627033800222225|9.939578439001965|32.347308651544225|24.570972826525438|-19.218340486538267|30.310571285696437|70.73586586513969|26.950652252855395|E
-18.38942068197909|14.517868499970756|-28.27761700054023|56.314620415312625|19.99116829432924|26.342658635713395|34.20073813057526|23.509522503128036|-27.075496542645215|15.168994354997295|-30.415076417801828|3.786292898266977|20.231395715047245|9.209673817649138|41.44433485726912|21.225796345022736|-23.363672731321888|22.847824739081062|26.950652252855395|79.70611654104671|D
