W,F,Y,C,I,V,L,M,H,T,R,P,Q,N,A,S,K,G,E,D,AA
5.499102862393185,-38.57618012262604,-41.793553095397165,-6.717891420876569,-30.547469881026885,2.0491294334008816,-10.079701621964327,-33.243906347114574,-37.60352767514652,-27.45151921559757,-12.82959085559936,-2.932026408161411,-2.759653341149941,-23.71983845214165,7.042496905409871,33.01208720945654,-3.1452932968853418,3.9062211094158954,8.633943550890127,40.56244894317469,W
-38.57618012262604,56.26216658251364,-27.324899722103,-13.997632468971258,-26.91276398661737,-30.757862125027845,-28.7537779007458,-40.52364739521032,-11.00141306790504,-12.546385302058086,-23.888187992636126,-22.70564111708728,4.573409178577475,21.288295027796615,-4.812993198754652,5.775110670838657,7.184091560586007,14.235605966887292,3.473132409787457,20.78883423424753,F
-41.793553095397165,-27.324899722103,-6.338213380119645,-10.079414588175226,-40.60367201138948,-29.18775382918367,-16.582071214428726,-43.30010847747612,1.6318223847812348,-8.628167421263056,-37.57909601740892,-27.85352960939688,-17.03562345095729,7.597387003023689,1.908097042065561,24.535311797416547,-21.997012462760352,-12.48867890738556,-24.83057918280841,-29.699752319984857,Y
-6.717891420876569,-13.997632468971258,-10.079414588175226,inf,12.86364931989474,-27.779127347973315,3.664898552804986,-19.93578671258855,inf,8.04147538056529,1.2754217460523816,21.64652124549474,69.53101978446861,3.855031539258015,12.432491935172903,33.28682999448079,-15.36442417268982,13.87196519524559,50.82161711011386,45.952443972936905,C
-30.547469881026885,-26.91276398661737,-40.60367201138948,12.86364931989474,-2.4653946198336496,-28.33803808767043,-29.94332896381643,-16.46523796636683,4.162888027260119,-3.6147434062804455,-8.421241434452847,-8.18285018218852,20.713694002657117,10.128452645503511,-0.4826395824735399,27.066377439895888,-3.9757508217073183,29.039494635169422,34.91016325472165,33.03731245529032,I
2.0491294334008816,-30.757862125027845,-29.18775382918367,-27.779127347973315,-28.33803808767043,-1.4034432507732664,-26.885702480518106,-40.39437299396116,-20.643639431085457,-7.742770546577334,-15.48480791000326,0.3105425333691902,12.022257470586908,31.330716729247204,0.7875145238542645,25.420708672102737,3.093597982389261,3.141325727915014,19.79463709718291,34.30746656161814,V
-10.079701621964327,-28.7537779007458,-16.582071214428726,3.664898552804986,-29.94332896381643,-26.885702480518106,0.3027824922211172,-14.678982152050418,-17.282274487876098,-4.662503336750616,-3.510432366499016,12.848944812143198,28.148085412219118,14.45942068106842,-0.6203195667240935,29.925019793389986,11.376765192616867,19.30567202966834,41.39002287366044,29.557256922345232,L
-33.243906347114574,-40.52364739521032,-43.30010847747612,-19.93578671258855,-16.46523796636683,-40.39437299396116,-14.678982152050418,-19.162833091779717,-28.63654800522544,-8.793538244869035,-36.52102119931447,-29.867241002405198,18.017257536572306,-17.555731142242305,-8.978270746327537,15.654923401919882,0.0224916752682196,-5.690456916852811,19.71985312780666,19.426429046697866,M
-37.60352767514652,-11.00141306790504,1.6318223847812348,inf,4.162888027260119,-20.643639431085457,-17.282274487876098,-28.63654800522544,22.093136415669356,-20.6165214025941,-23.81101981045112,-21.73298866960825,8.542383963799454,-27.030604715013595,20.66751828220704,10.319318344971746,-9.452381897503717,9.61311788145145,-17.63038054024854,-15.03619184773452,H
-27.45151921559757,-12.546385302058086,-8.628167421263056,8.04147538056529,-3.6147434062804455,-7.742770546577334,-4.662503336750616,-8.793538244869035,-20.6165214025941,24.298367705370268,-15.415340343109152,-0.041638339852541,6.20051876251945,-1.3884002568895542,26.37761276291537,43.63218549507189,-3.876122494021325,26.23765930466565,17.5941156545596,31.433606853098507,T
-12.82959085559936,-23.888187992636126,-37.57909601740892,1.2754217460523816,-8.421241434452847,-15.48480791000326,-3.510432366499016,-36.52102119931447,-23.81101981045112,-15.415340343109152,21.487273328013817,-23.995169439815296,-14.395804688619291,-24.834572219945585,9.38767447709222,1.2113995091803038,-12.06622003999346,-6.664123419847575,-44.09270638021992,-35.259155895791714,R
-2.932026408161411,-22.70564111708728,-27.85352960939688,21.64652124549474,-8.18285018218852,0.3105425333691902,12.848944812143198,-29.867241002405198,-21.73298866960825,-0.041638339852541,-23.995169439815296,27.550574890215508,4.678797094383881,22.253700119795848,19.43682528502621,31.273500309425483,15.943714045792245,29.467761415759025,27.722950893567745,38.82386204314373,P
-2.759653341149941,4.573409178577475,-17.03562345095729,69.53101978446861,20.713694002657117,12.022257470586908,28.148085412219118,18.017257536572306,8.542383963799454,6.20051876251945,-14.395804688619291,4.678797094383881,50.08019892221432,18.286804670984907,19.60919835203724,13.836747470868923,19.592297738724508,38.65779751767892,16.2447670534354,6.54512595880361,Q
-23.71983845214165,21.288295027796615,7.597387003023689,3.855031539258015,10.128452645503511,31.330716729247204,14.45942068106842,-17.555731142242305,-27.030604715013595,-1.3884002568895542,-24.834572219945585,22.253700119795848,18.286804670984907,26.64624793079016,30.10929352637264,25.975884264021143,-3.4868172792592973,14.479144069549358,38.395419134914384,11.341371036103418,N
7.042496905409871,-4.812993198754652,1.908097042065561,12.432491935172903,-0.4826395824735399,0.7875145238542645,-0.6203195667240935,-8.978270746327537,20.66751828220704,26.37761276291537,9.38767447709222,19.43682528502621,19.60919835203724,30.10929352637264,49.60085718902095,26.334669041200364,17.584516777485142,26.442431191559635,26.260330251263504,56.236621673299695,A
33.01208720945654,5.775110670838657,24.535311797416547,33.28682999448079,27.066377439895888,25.420708672102737,29.925019793389986,15.654923401919882,10.319318344971746,43.63218549507189,1.2113995091803038,31.273500309425483,13.836747470868923,25.975884264021143,26.334669041200364,120.72836710679566,8.87535845906618,46.90726486251553,20.65459530684157,22.843529598235907,S
-3.1452932968853418,7.184091560586007,-21.997012462760352,-15.36442417268982,-3.9757508217073183,3.093597982389261,11.376765192616867,0.0224916752682196,-9.452381897503717,-3.876122494021325,-12.06622003999346,15.943714045792245,19.592297738724508,-3.4868172792592973,17.584516777485142,8.87535845906618,31.699786519707597,4.950689658405698,-19.07434042615375,-27.243539573621845,K
3.9062211094158954,14.235605966887292,-12.48867890738556,13.87196519524559,29.039494635169422,3.141325727915014,19.30567202966834,-5.690456916852811,9.61311788145145,26.23765930466565,-6.664123419847575,29.467761415759025,38.65779751767892,14.479144069549358,26.442431191559635,46.90726486251553,4.950689658405698,68.06849138608106,33.57036954511962,38.96743059765899,G
8.633943550890127,3.473132409787457,-24.83057918280841,50.82161711011386,34.91016325472165,19.79463709718291,41.39002287366044,19.71985312780666,-17.63038054024854,17.5941156545596,-44.09270638021992,27.722950893567745,16.2447670534354,38.395419134914384,26.260330251263504,20.65459530684157,-19.07434042615375,33.57036954511962,60.37368942276397,34.41974771544361,E
40.56244894317469,20.78883423424753,-29.699752319984857,45.952443972936905,33.03731245529032,34.30746656161814,29.557256922345232,19.426429046697866,-15.03619184773452,31.433606853098507,-35.259155895791714,38.82386204314373,6.54512595880361,11.341371036103418,56.236621673299695,22.843529598235907,-27.243539573621845,38.96743059765899,34.41974771544361,71.04727402854904,D
