W|F|Y|C|I|V|L|M|H|T|R|P|Q|N|A|S|K|G|E|D|AA
-24.5689151742448|-45.713534899331584|-41.992542221928645|-27.637406583022727|-30.352897808882297|-26.41936121936193|-35.77246722885121|-32.07424499349367|-20.83824632599733|-13.55390613284575|-20.129346017374317|-24.748534093343057|-10.895187365441899|-4.462471000984962|-8.916352621219252|-4.793551930971755|-1.0619056928463815|0.07347591554222249|-2.0170034879003604|2.689186612624831|W
-45.713534899331584|-19.96495563974569|-42.22918969517647|-30.84770941340657|-39.26281230265152|-33.18653675258444|-38.58555502882244|-37.13834921427145|-12.388599627743691|-11.198589522779272|-7.304450862785002|-8.575297003894407|2.939569274848047|1.2273448797652835|-10.56976162572704|-0.7987631986802166|8.98433567482598|0.907615479142653|12.120811479531735|14.13228785831689|F
-41.992542221928645|-42.22918969517647|-14.843450454227677|-24.379064669999405|-31.898579798437353|-27.12939320051116|-29.08044210119843|-30.185091085537724|-28.244616506282444|-16.077825193663593|-22.57004481238627|-23.03955261804731|-10.26182733625768|-13.179701623563181|-8.373508337906593|-8.426466909063226|-10.394869657180914|-4.49781506852447|-8.592419377503365|-10.493369913422669|Y
-27.637406583022727|-30.84770941340657|-24.379064669999405|-46.30047240740277|-25.313231069473048|-21.11167091705764|-20.25506428056666|-19.914037127740706|-16.02796332790078|-2.721669628795389|-0.904000217695197|-1.2685722920897404|13.766978986851813|7.763213400876635|1.051087231901893|7.406632125664739|13.773702609579386|7.487268643874111|20.797734695354027|22.752226206163645|C
-30.352897808882297|-39.26281230265152|-31.898579798437353|-25.313231069473048|-12.9554397818192|-35.67490690714991|-37.514187871051725|-28.838576554445318|-1.357098075693724|-7.4370426654374615|0.84680338771551|4.333911136842475|10.60130319246491|13.846816677689716|-8.252463574473555|8.894304575124576|13.827771459518798|11.289920624138198|19.303756935522422|23.71213832576523|I
-26.41936121936193|-33.18653675258444|-27.12939320051116|-21.11167091705764|-35.67490690714991|-4.248463655371452|-31.15680346870886|-22.535923501618843|-0.18307064349661997|-6.388621163222237|1.7373787823411324|6.379150328163104|10.901827836556782|12.864862458675418|-6.95087087756598|9.556769735289622|13.4679771737195|10.806587180012711|19.192902969726287|22.374208299573304|V
-35.77246722885121|-38.58555502882244|-29.08044210119843|-20.25506428056666|-37.514187871051725|-31.15680346870886|-8.315341585231081|-26.04342553966341|0.9014621740280517|-1.3791052779226518|-0.03954002589682214|4.719553740730065|10.938172690911822|17.626426891457207|-4.482916784085503|13.527838024262854|19.786885592307584|16.751444718999856|23.13745054526614|29.56202325231111|L
-32.07424499349367|-37.13834921427145|-30.185091085537724|-19.914037127740706|-28.838576554445318|-22.535923501618843|-26.04342553966341|2.5841647071474334|-2.972736897279504|-3.571561290389008|2.068588709035091|0.5362291417647621|11.389080969940299|9.836624617653987|-1.1022941861388929|7.850051494822711|17.347950243391374|9.210275820837072|18.903035424080443|19.336602677318982|M
-20.83824632599733|-12.388599627743691|-28.244616506282444|-16.02796332790078|-1.357098075693724|-0.18307064349661997|0.9014621740280517|-2.972736897279504|1.730826570661721|-2.452728175876447|-4.884639314226567|3.135617770462767|6.143436099488891|1.2613334351674688|18.346443433769327|3.5381645027568283|12.221950884710497|11.963607628506018|-2.93357891926704|-7.120565758142155|H
-13.55390613284575|-11.198589522779272|-16.077825193663593|-2.721669628795389|-7.4370426654374615|-6.388621163222237|-1.3791052779226518|-3.571561290389008|-2.452728175876447|29.034265898265815|2.662916509512386|10.548293673845526|9.334349204684788|4.475044587976132|14.607914974182679|10.437172735930908|14.41417450410306|14.57052557408828|17.501356943382206|13.754960837903363|T
-20.129346017374317|-7.304450862785002|-22.57004481238627|-0.904000217695197|0.84680338771551|1.7373787823411324|-0.03954002589682214|2.068588709035091|-4.884639314226567|2.662916509512386|27.461366508376457|1.4949275184204427|1.7912188453484776|1.1437143568838504|18.456419620527633|7.442512444712795|21.52923946968716|12.569960824512949|-20.07913696058837|-19.897012790517515|R
-24.748534093343057|-8.575297003894407|-23.03955261804731|-1.2685722920897404|4.333911136842475|6.379150328163104|4.719553740730065|0.5362291417647621|3.135617770462767|10.548293673845526|1.4949275184204427|38.15665104385156|12.010737695113713|12.853406080791324|21.587343531045526|18.687967542390627|27.44808807284543|19.833803848993053|24.605684350387897|22.82941669023381|P
-10.895187365441899|2.939569274848047|-10.26182733625768|13.766978986851813|10.60130319246491|10.901827836556782|10.938172690911822|11.389080969940299|6.143436099488891|9.334349204684788|1.7912188453484776|12.010737695113713|39.94307897872395|10.248207176837179|29.013163928977708|19.003526847773287|19.671414890362794|25.32880921380331|23.454094788446117|20.788724097198223|Q
-4.462471000984962|1.2273448797652835|-13.179701623563181|7.763213400876635|13.846816677689716|12.864862458675418|17.626426891457207|9.836624617653987|1.2613334351674688|4.475044587976132|1.1437143568838504|12.853406080791324|10.248207176837179|24.71907903744678|27.804292347828728|9.53138878844359|15.116233491029218|15.730891755405912|19.612082017353874|9.369249934642362|N
-8.916352621219252|-10.56976162572704|-8.373508337906593|1.051087231901893|-8.252463574473555|-6.95087087756598|-4.482916784085503|-1.1022941861388929|18.346443433769327|14.607914974182679|18.456419620527633|21.587343531045526|29.013163928977708|27.804292347828728|43.96088996026711|26.327839218746398|35.28012013437705|25.653680775447757|40.47839530281324|39.69201599633995|A
-4.793551930971755|-0.7987631986802166|-8.426466909063226|7.406632125664739|8.894304575124576|9.556769735289622|13.527838024262854|7.850051494822711|3.5381645027568283|10.437172735930908|7.442512444712795|18.687967542390627|19.003526847773287|9.53138878844359|26.327839218746398|46.14351041409997|23.80905390607722|22.265981293905604|23.959314605944616|18.38249847965005|S
-1.0619056928463815|8.98433567482598|-10.394869657180914|13.773702609579386|13.827771459518798|13.4679771737195|19.786885592307584|17.347950243391374|12.221950884710497|14.41417450410306|21.52923946968716|27.44808807284543|19.671414890362794|15.116233491029218|35.28012013437705|23.80905390607722|62.33317999040396|27.253600349263625|-4.273282015262205|-7.42581047417981|K
0.07347591554222249|0.907615479142653|-4.49781506852447|7.487268643874111|11.289920624138198|10.806587180012711|16.751444718999856|9.210275820837072|11.963607628506018|14.57052557408828|12.569960824512949|19.833803848993053|25.32880921380331|15.730891755405912|25.653680775447757|22.265981293905604|27.253600349263625|43.501924327786256|35.804222626623414|26.087103134255706|G
-2.0170034879003604|12.120811479531735|-8.592419377503365|20.797734695354027|19.303756935522422|19.192902969726287|23.13745054526614|18.903035424080443|-2.93357891926704|17.501356943382206|-20.07913696058837|24.605684350387897|23.454094788446117|19.612082017353874|40.47839530281324|23.959314605944616|-4.273282015262205|35.804222626623414|77.31765960828292|44.60969198727309|E
2.689186612624831|14.13228785831689|-10.493369913422669|22.752226206163645|23.71213832576523|22.374208299573304|29.56202325231111|19.336602677318982|-7.120565758142155|13.754960837903363|-19.897012790517515|22.82941669023381|20.788724097198223|9.369249934642362|39.69201599633995|18.38249847965005|-7.42581047417981|26.087103134255706|44.60969198727309|65.11135923495002|D
