W,F,Y,C,I,V,L,M,H,T,R,P,Q,N,A,S,K,G,E,D,AA
0.0004139929621196,0.0028979507348375,0.002276961291658,0.0004139929621196,0.0037259366590767,0.0020699648105982,0.0041399296211964,0.0018629683295383,0.0016559718484785,0.0031049472158973,0.002276961291658,0.0014489753674187,0.0014489753674187,0.0020699648105982,0.0024839577727178,0.0008279859242392,0.0014489753674187,0.0020699648105982,0.0014489753674187,0.0006209894431794,W
0.0028979507348375,0.0008279859242392,0.0041399296211964,0.0012419788863589,0.0086938522045125,0.0111778099772303,0.0161457255226661,0.0055889049886151,0.002276961291658,0.0055889049886151,0.0074518733181535,0.005795901469675,0.0031049472158973,0.0018629683295383,0.0082798592423928,0.0039329331401366,0.0028979507348375,0.0041399296211964,0.0041399296211964,0.0024839577727178,F
0.002276961291658,0.0041399296211964,0.0018629683295383,0.0008279859242392,0.0086938522045125,0.0078658662802732,0.0089008486855723,0.0043469261022562,0.0012419788863589,0.0037259366590767,0.0074518733181535,0.0047609190643759,0.0037259366590767,0.0018629683295383,0.0051749120264955,0.0018629683295383,0.0041399296211964,0.0055889049886151,0.005795901469675,0.005795901469675,Y
0.0004139929621196,0.0012419788863589,0.0008279859242392,0.0,0.0010349824052991,0.0031049472158973,0.002276961291658,0.0010349824052991,0.0,0.0010349824052991,0.0012419788863589,0.0006209894431794,0.0002069964810598,0.0008279859242392,0.0016559718484785,0.0006209894431794,0.0014489753674187,0.0012419788863589,0.0004139929621196,0.0004139929621196,C
0.0037259366590767,0.0086938522045125,0.0086938522045125,0.0010349824052991,0.0076588697992134,0.0163527220037259,0.0256675636514179,0.0049679155454357,0.0024839577727178,0.0070378803560339,0.008072862761333,0.0064168909128544,0.0033119436969571,0.0037259366590767,0.01159180293935,0.0037259366590767,0.005795901469675,0.004553922583316,0.0031049472158973,0.0028979507348375,I
0.0020699648105982,0.0111778099772303,0.0078658662802732,0.0031049472158973,0.0163527220037259,0.0103498240529911,0.0281515214241357,0.0101428275719312,0.0051749120264955,0.0091078451666321,0.0111778099772303,0.0062098944317946,0.0047609190643759,0.0026909542537776,0.0132477747878286,0.004553922583316,0.005795901469675,0.0097288346098116,0.0051749120264955,0.0033119436969571,V
0.0041399296211964,0.0161457255226661,0.0089008486855723,0.002276961291658,0.0256675636514179,0.0281515214241357,0.0227696129165804,0.0084868557234527,0.0072448768370937,0.0128337818257089,0.0128337818257089,0.0070378803560339,0.0049679155454357,0.0060028979507348,0.0206996481059822,0.0062098944317946,0.0072448768370937,0.0101428275719312,0.0047609190643759,0.0055889049886151,L
0.0018629683295383,0.0055889049886151,0.0043469261022562,0.0010349824052991,0.0049679155454357,0.0101428275719312,0.0084868557234527,0.0024839577727178,0.0024839577727178,0.0037259366590767,0.0072448768370937,0.0049679155454357,0.0016559718484785,0.0033119436969571,0.0066238873939143,0.002276961291658,0.0024839577727178,0.0047609190643759,0.0020699648105982,0.0018629683295383,M
0.0016559718484785,0.002276961291658,0.0012419788863589,0.0,0.0024839577727178,0.0051749120264955,0.0072448768370937,0.0024839577727178,0.0006209894431794,0.0039329331401366,0.0043469261022562,0.0033119436969571,0.0016559718484785,0.0033119436969571,0.0026909542537776,0.0020699648105982,0.0024839577727178,0.0026909542537776,0.0039329331401366,0.0033119436969571,H
0.0031049472158973,0.0055889049886151,0.0037259366590767,0.0010349824052991,0.0070378803560339,0.0091078451666321,0.0128337818257089,0.0037259366590767,0.0039329331401366,0.0033119436969571,0.0084868557234527,0.0047609190643759,0.0041399296211964,0.0043469261022562,0.0055889049886151,0.002276961291658,0.0051749120264955,0.0043469261022562,0.0041399296211964,0.0026909542537776,T
0.002276961291658,0.0074518733181535,0.0074518733181535,0.0012419788863589,0.008072862761333,0.0111778099772303,0.0128337818257089,0.0072448768370937,0.0043469261022562,0.0084868557234527,0.0037259366590767,0.0084868557234527,0.0068308838749741,0.0076588697992134,0.0084868557234527,0.0062098944317946,0.0064168909128544,0.0095218381287518,0.0175947008900848,0.0128337818257089,R
0.0014489753674187,0.005795901469675,0.0047609190643759,0.0006209894431794,0.0064168909128544,0.0062098944317946,0.0070378803560339,0.0049679155454357,0.0033119436969571,0.0047609190643759,0.0084868557234527,0.0020699648105982,0.0035189401780169,0.0020699648105982,0.0053819085075553,0.0024839577727178,0.0026909542537776,0.0033119436969571,0.0026909542537776,0.0018629683295383,P
0.0014489753674187,0.0031049472158973,0.0037259366590767,0.0002069964810598,0.0033119436969571,0.0047609190643759,0.0049679155454357,0.0016559718484785,0.0016559718484785,0.0041399296211964,0.0068308838749741,0.0035189401780169,0.0012419788863589,0.002276961291658,0.0053819085075553,0.0037259366590767,0.0024839577727178,0.0026909542537776,0.0035189401780169,0.0039329331401366,Q
0.0020699648105982,0.0018629683295383,0.0018629683295383,0.0008279859242392,0.0037259366590767,0.0026909542537776,0.0060028979507348,0.0033119436969571,0.0033119436969571,0.0043469261022562,0.0076588697992134,0.0020699648105982,0.002276961291658,0.0016559718484785,0.0037259366590767,0.0024839577727178,0.0037259366590767,0.0041399296211964,0.0018629683295383,0.0031049472158973,N
0.0024839577727178,0.0082798592423928,0.0051749120264955,0.0016559718484785,0.01159180293935,0.0132477747878286,0.0206996481059822,0.0066238873939143,0.0026909542537776,0.0055889049886151,0.0084868557234527,0.0053819085075553,0.0053819085075553,0.0037259366590767,0.005795901469675,0.0060028979507348,0.0055889049886151,0.0076588697992134,0.0060028979507348,0.0026909542537776,A
0.0008279859242392,0.0039329331401366,0.0018629683295383,0.0006209894431794,0.0037259366590767,0.004553922583316,0.0062098944317946,0.002276961291658,0.0020699648105982,0.002276961291658,0.0062098944317946,0.0024839577727178,0.0037259366590767,0.0024839577727178,0.0060028979507348,0.0004139929621196,0.0041399296211964,0.0028979507348375,0.0041399296211964,0.0035189401780169,S
0.0014489753674187,0.0028979507348375,0.0041399296211964,0.0014489753674187,0.005795901469675,0.005795901469675,0.0072448768370937,0.0024839577727178,0.0024839577727178,0.0051749120264955,0.0064168909128544,0.0026909542537776,0.0024839577727178,0.0037259366590767,0.0055889049886151,0.0041399296211964,0.0018629683295383,0.005795901469675,0.0078658662802732,0.0084868557234527,K
0.0020699648105982,0.0041399296211964,0.0055889049886151,0.0012419788863589,0.004553922583316,0.0097288346098116,0.0101428275719312,0.0047609190643759,0.0026909542537776,0.0043469261022562,0.0095218381287518,0.0033119436969571,0.0026909542537776,0.0041399296211964,0.0076588697992134,0.0028979507348375,0.005795901469675,0.002276961291658,0.0039329331401366,0.0031049472158973,G
0.0014489753674187,0.0041399296211964,0.005795901469675,0.0004139929621196,0.0031049472158973,0.0051749120264955,0.0047609190643759,0.0020699648105982,0.0039329331401366,0.0041399296211964,0.0175947008900848,0.0026909542537776,0.0035189401780169,0.0018629683295383,0.0060028979507348,0.0041399296211964,0.0078658662802732,0.0039329331401366,0.0016559718484785,0.0026909542537776,E
0.0006209894431794,0.0024839577727178,0.005795901469675,0.0004139929621196,0.0028979507348375,0.0033119436969571,0.0055889049886151,0.0018629683295383,0.0033119436969571,0.0026909542537776,0.0128337818257089,0.0018629683295383,0.0039329331401366,0.0031049472158973,0.0026909542537776,0.0035189401780169,0.0084868557234527,0.0031049472158973,0.0026909542537776,0.0010349824052991,D
