W|F|Y|C|I|V|L|M|H|T|R|P|Q|N|A|S|K|G|E|D|AA
0.00041399296211964395|0.002897950734837508|0.002276961291658042|0.00041399296211964395|0.0037259366590767957|0.0020699648105982197|0.004139929621196439|0.0018629683295383979|0.0016559718484785758|0.00310494721589733|0.002276961291658042|0.001448975367418754|0.001448975367418754|0.0020699648105982197|0.002483957772717864|0.0008279859242392879|0.001448975367418754|0.0020699648105982197|0.001448975367418754|0.000620989443179466|W
0.002897950734837508|0.0008279859242392879|0.004139929621196439|0.001241978886358932|0.008693852204512523|0.011177809977230387|0.016145725522666115|0.005588904988615194|0.002276961291658042|0.005588904988615194|0.0074518733181535915|0.005795901469675016|0.00310494721589733|0.0018629683295383979|0.008279859242392879|0.003932933140136618|0.002897950734837508|0.004139929621196439|0.004139929621196439|0.002483957772717864|F
0.002276961291658042|0.004139929621196439|0.0018629683295383979|0.0008279859242392879|0.008693852204512523|0.007865866280273236|0.008900848685572345|0.004346926102256262|0.001241978886358932|0.0037259366590767957|0.0074518733181535915|0.004760919064375905|0.0037259366590767957|0.0018629683295383979|0.00517491202649555|0.0018629683295383979|0.004139929621196439|0.005588904988615194|0.005795901469675016|0.005795901469675016|Y
0.00041399296211964395|0.001241978886358932|0.0008279859242392879|0.0|0.0010349824052991099|0.00310494721589733|0.002276961291658042|0.0010349824052991099|0.0|0.0010349824052991099|0.001241978886358932|0.000620989443179466|0.00020699648105982198|0.0008279859242392879|0.0016559718484785758|0.000620989443179466|0.001448975367418754|0.001241978886358932|0.00041399296211964395|0.00041399296211964395|C
0.0037259366590767957|0.008693852204512523|0.008693852204512523|0.0010349824052991099|0.007658869799213414|0.016352722003725936|0.025667563651417927|0.004967915545435728|0.002483957772717864|0.007037880356033948|0.008072862761333057|0.006416890912854482|0.0033119436969571516|0.0037259366590767957|0.011591802939350032|0.0037259366590767957|0.005795901469675016|0.004553922583316084|0.00310494721589733|0.002897950734837508|I
0.0020699648105982197|0.011177809977230387|0.007865866280273236|0.00310494721589733|0.016352722003725936|0.0103498240529911|0.02815152142413579|0.010142827571931277|0.00517491202649555|0.009107845166632168|0.011177809977230387|0.00620989443179466|0.004760919064375905|0.0026909542537776857|0.013247774787828607|0.004553922583316084|0.005795901469675016|0.009728834609811634|0.00517491202649555|0.0033119436969571516|V
0.004139929621196439|0.016145725522666115|0.008900848685572345|0.002276961291658042|0.025667563651417927|0.02815152142413579|0.022769612916580417|0.008486855723452702|0.007244876837093769|0.012833781825708964|0.012833781825708964|0.007037880356033948|0.004967915545435728|0.006002897950734837|0.0206996481059822|0.00620989443179466|0.007244876837093769|0.010142827571931277|0.004760919064375905|0.005588904988615194|L
0.0018629683295383979|0.005588904988615194|0.004346926102256262|0.0010349824052991099|0.004967915545435728|0.010142827571931277|0.008486855723452702|0.002483957772717864|0.002483957772717864|0.0037259366590767957|0.007244876837093769|0.004967915545435728|0.0016559718484785758|0.0033119436969571516|0.006623887393914303|0.002276961291658042|0.002483957772717864|0.004760919064375905|0.0020699648105982197|0.0018629683295383979|M
0.0016559718484785758|0.002276961291658042|0.001241978886358932|0.0|0.002483957772717864|0.00517491202649555|0.007244876837093769|0.002483957772717864|0.000620989443179466|0.003932933140136618|0.004346926102256262|0.0033119436969571516|0.0016559718484785758|0.0033119436969571516|0.0026909542537776857|0.0020699648105982197|0.002483957772717864|0.0026909542537776857|0.003932933140136618|0.0033119436969571516|H
0.00310494721589733|0.005588904988615194|0.0037259366590767957|0.0010349824052991099|0.007037880356033948|0.009107845166632168|0.012833781825708964|0.0037259366590767957|0.003932933140136618|0.0033119436969571516|0.008486855723452702|0.004760919064375905|0.004139929621196439|0.004346926102256262|0.005588904988615194|0.002276961291658042|0.00517491202649555|0.004346926102256262|0.004139929621196439|0.0026909542537776857|T
0.002276961291658042|0.0074518733181535915|0.0074518733181535915|0.001241978886358932|0.008072862761333057|0.011177809977230387|0.012833781825708964|0.007244876837093769|0.004346926102256262|0.008486855723452702|0.0037259366590767957|0.008486855723452702|0.0068308838749741255|0.007658869799213414|0.008486855723452702|0.00620989443179466|0.006416890912854482|0.00952183812875181|0.017594700890084868|0.012833781825708964|R
0.001448975367418754|0.005795901469675016|0.004760919064375905|0.000620989443179466|0.006416890912854482|0.00620989443179466|0.007037880356033948|0.004967915545435728|0.0033119436969571516|0.004760919064375905|0.008486855723452702|0.0020699648105982197|0.003518940178016974|0.0020699648105982197|0.005381908507555371|0.002483957772717864|0.0026909542537776857|0.0033119436969571516|0.0026909542537776857|0.0018629683295383979|P
0.001448975367418754|0.00310494721589733|0.0037259366590767957|0.00020699648105982198|0.0033119436969571516|0.004760919064375905|0.004967915545435728|0.0016559718484785758|0.0016559718484785758|0.004139929621196439|0.0068308838749741255|0.003518940178016974|0.001241978886358932|0.002276961291658042|0.005381908507555371|0.0037259366590767957|0.002483957772717864|0.0026909542537776857|0.003518940178016974|0.003932933140136618|Q
0.0020699648105982197|0.0018629683295383979|0.0018629683295383979|0.0008279859242392879|0.0037259366590767957|0.0026909542537776857|0.006002897950734837|0.0033119436969571516|0.0033119436969571516|0.004346926102256262|0.007658869799213414|0.0020699648105982197|0.002276961291658042|0.0016559718484785758|0.0037259366590767957|0.002483957772717864|0.0037259366590767957|0.004139929621196439|0.0018629683295383979|0.00310494721589733|N
0.002483957772717864|0.008279859242392879|0.00517491202649555|0.0016559718484785758|0.011591802939350032|0.013247774787828607|0.0206996481059822|0.006623887393914303|0.0026909542537776857|0.005588904988615194|0.008486855723452702|0.005381908507555371|0.005381908507555371|0.0037259366590767957|0.005795901469675016|0.006002897950734837|0.005588904988615194|0.007658869799213414|0.006002897950734837|0.0026909542537776857|A
0.0008279859242392879|0.003932933140136618|0.0018629683295383979|0.000620989443179466|0.0037259366590767957|0.004553922583316084|0.00620989443179466|0.002276961291658042|0.0020699648105982197|0.002276961291658042|0.00620989443179466|0.002483957772717864|0.0037259366590767957|0.002483957772717864|0.006002897950734837|0.00041399296211964395|0.004139929621196439|0.002897950734837508|0.004139929621196439|0.003518940178016974|S
0.001448975367418754|0.002897950734837508|0.004139929621196439|0.001448975367418754|0.005795901469675016|0.005795901469675016|0.007244876837093769|0.002483957772717864|0.002483957772717864|0.00517491202649555|0.006416890912854482|0.0026909542537776857|0.002483957772717864|0.0037259366590767957|0.005588904988615194|0.004139929621196439|0.0018629683295383979|0.005795901469675016|0.007865866280273236|0.008486855723452702|K
0.0020699648105982197|0.004139929621196439|0.005588904988615194|0.001241978886358932|0.004553922583316084|0.009728834609811634|0.010142827571931277|0.004760919064375905|0.0026909542537776857|0.004346926102256262|0.00952183812875181|0.0033119436969571516|0.0026909542537776857|0.004139929621196439|0.007658869799213414|0.002897950734837508|0.005795901469675016|0.002276961291658042|0.003932933140136618|0.00310494721589733|G
0.001448975367418754|0.004139929621196439|0.005795901469675016|0.00041399296211964395|0.00310494721589733|0.00517491202649555|0.004760919064375905|0.0020699648105982197|0.003932933140136618|0.004139929621196439|0.017594700890084868|0.0026909542537776857|0.003518940178016974|0.0018629683295383979|0.006002897950734837|0.004139929621196439|0.007865866280273236|0.003932933140136618|0.0016559718484785758|0.0026909542537776857|E
0.000620989443179466|0.002483957772717864|0.005795901469675016|0.00041399296211964395|0.002897950734837508|0.0033119436969571516|0.005588904988615194|0.0018629683295383979|0.0033119436969571516|0.0026909542537776857|0.012833781825708964|0.0018629683295383979|0.003932933140136618|0.00310494721589733|0.0026909542537776857|0.003518940178016974|0.008486855723452702|0.00310494721589733|0.0026909542537776857|0.0010349824052991099|D
