W|F|Y|C|I|V|L|M|H|T|R|P|Q|N|A|S|K|G|E|D|AA
0.0008284313250647436|0.0034160683668531446|0.0022848194908369262|0.0006709156587840044|0.003715937763622894|0.0039926430918219465|0.007489153951347875|0.0018156418110595372|0.0011278795569513896|0.002255759113902779|0.002696297581629125|0.002397691679508686|0.0017486765946460679|0.0013291963710749012|0.0035921152879904413|0.0019769479612882085|0.0013814208165797452|0.00226291891691554|0.001853967815421963|0.0014883966968880548|W
0.0034160683668531446|0.004795383359017372|0.005840293433997356|0.0018345942307991983|0.01156729351443985|0.01182378292824993|0.02026140019634707|0.005174852918693698|0.002352205872133499|0.0054153380669458425|0.0050944104260209145|0.004190169421997526|0.0032269653343396367|0.0029544716549716197|0.009442937844065387|0.004577219949569717|0.0027788458987174267|0.005618760705484872|0.0033950101226979655|0.0028988778904019473|F
0.0022848194908369262|0.005840293433997356|0.0022654459062141615|0.0011527282850545008|0.007123582832813967|0.007500104238308568|0.011881061352352016|0.0032181208717944614|0.002475186017999745|0.004420967777938288|0.005281407634118904|0.004263873276540653|0.003189481659743418|0.0030033267814116352|0.006556694900156547|0.003976217661380907|0.0031667387560558244|0.004649660309463533|0.003987589113224704|0.0037277303803497945|Y
0.0006709156587840044|0.0018345942307991983|0.0011527282850545008|0.000778733868858521|0.0024987712514535454|0.002668921864227392|0.0039585287362905565|0.001036907942201016|0.0007623084384174814|0.0013279328764255905|0.0013089804566859293|0.0010545968672913664|0.0007492523270412703|0.0007585179544695492|0.0021572065312565414|0.001129564216483804|0.0007425136889116131|0.0014420685597466608|0.0008284313250647436|0.0007079781684971194|C
0.003715937763622894|0.01156729351443985|0.007123582832813967|0.0024987712514535454|0.009768919463587558|0.019371899963232304|0.030602682736072393|0.006615657983791048|0.0028230682114433027|0.00767909931362759|0.006534373161352057|0.004813914613873929|0.004184273113634076|0.003415647201970041|0.0138668537761854|0.005654559720548677|0.0038481835369174183|0.006855721967160089|0.004450449319755539|0.003589167133808716|I
0.0039926430918219465|0.01182378292824993|0.007500104238308568|0.002668921864227392|0.019371899963232304|0.01103115061824899|0.03105754080982426|0.006728530172462808|0.0032320193129368796|0.00878128781270966|0.007527901120593404|0.00539975496627101|0.004880879830287399|0.00410593644537681|0.015798737094981526|0.0065440599536634395|0.0045553193756483305|0.008145328839223254|0.005244345124405789|0.004345579263862747|V
0.007489153951347875|0.02026140019634707|0.011881061352352016|0.0039585287362905565|0.030602682736072393|0.03105754080982426|0.02779814577948565|0.011038731586144854|0.004772640455329778|0.011878534363053394|0.01186505708679408|0.008497001516614745|0.007381756906156462|0.005582961690421068|0.022624135190558156|0.009047885183714228|0.0059670640638115335|0.010763710917478216|0.007251195792394352|0.005584646349953482|L
0.0018156418110595372|0.005174852918693698|0.0032181208717944614|0.001036907942201016|0.006615657983791048|0.006728530172462808|0.011038731586144854|0.001508191446393923|0.001377630332631813|0.0033044596728306957|0.002985216691438181|0.0024692897096362946|0.001930198659263711|0.0017659443548533147|0.005527367925851396|0.002724094463913961|0.0016686552668563875|0.003385323330386583|0.0021104572292320435|0.0018678662565643812|M
0.0011278795569513896|0.002352205872133499|0.002475186017999745|0.0007623084384174814|0.0028230682114433027|0.0032320193129368796|0.004772640455329778|0.001377630332631813|0.0009943702890075545|0.0025880582066715044|0.002815487243547438|0.0018678662565643812|0.001750361254178482|0.00172424903142606|0.0028420206311829638|0.0024208557480793827|0.001509454941043234|0.002553101521373907|0.0028070639458853664|0.0027615781385101797|H
0.002255759113902779|0.0054153380669458425|0.004420967777938288|0.0013279328764255905|0.00767909931362759|0.00878128781270966|0.011878534363053394|0.0033044596728306957|0.0025880582066715044|0.0029346769054657516|0.005602756439926936|0.0037281515452328978|0.0038397602392553467|0.003778270166322224|0.007300893248600574|0.004860242751015324|0.003379427022023133|0.005676460294470063|0.004136260316960268|0.004030969096184373|T
0.002696297581629125|0.0050944104260209145|0.005281407634118904|0.0013089804566859293|0.006534373161352057|0.007527901120593404|0.01186505708679408|0.002985216691438181|0.002815487243547438|0.005602756439926936|0.0032505505677934373|0.004725048823539074|0.004712413877045967|0.0042091218417371875|0.006898259620353551|0.005381223711414453|0.0029645796121661057|0.006126685554507791|0.010135332911887673|0.009021351796078702|R
0.002397691679508686|0.004190169421997526|0.004263873276540653|0.0010545968672913664|0.004813914613873929|0.00539975496627101|0.008497001516614745|0.0024692897096362946|0.0018678662565643812|0.0037281515452328978|0.004725048823539074|0.0016235906243643042|0.0029730029098281774|0.002570790446464258|0.005122207308305751|0.003316252289557596|0.0020666560813892712|0.004136260316960268|0.002893823911804704|0.002693770592330503|P
0.0017486765946460679|0.0032269653343396367|0.003189481659743418|0.0007492523270412703|0.004184273113634076|0.004880879830287399|0.007381756906156462|0.001930198659263711|0.001750361254178482|0.0038397602392553467|0.004712413877045967|0.0029730029098281774|0.0015692603544439424|0.002737992905056379|0.004334207812018951|0.0033031961781813846|0.002481082326363195|0.003660765163936325|0.0029818473723733523|0.002834439663287099|Q
0.0013291963710749012|0.0029544716549716197|0.0030033267814116352|0.0007585179544695492|0.003415647201970041|0.00410593644537681|0.005582961690421068|0.0017659443548533147|0.00172424903142606|0.003778270166322224|0.0042091218417371875|0.002570790446464258|0.002737992905056379|0.0017293030100233031|0.003910094774733645|0.0036190698405090703|0.0024170652641314506|0.004012859006210919|0.0028685540188184895|0.0032421272701313657|N
0.0035921152879904413|0.009442937844065387|0.006556694900156547|0.0021572065312565414|0.0138668537761854|0.015798737094981526|0.022624135190558156|0.005527367925851396|0.0028420206311829638|0.007300893248600574|0.006898259620353551|0.005122207308305751|0.004334207812018951|0.003910094774733645|0.00658996692592173|0.005985174153784988|0.0037125684445580656|0.007799131305312111|0.0043245210197075685|0.003927362534940891|A
0.0019769479612882085|0.004577219949569717|0.003976217661380907|0.001129564216483804|0.005654559720548677|0.0065440599536634395|0.009047885183714228|0.002724094463913961|0.0024208557480793827|0.004860242751015324|0.005381223711414453|0.003316252289557596|0.0033031961781813846|0.0036190698405090703|0.005985174153784988|0.002302087251044173|0.002927095937569887|0.005112941680877472|0.003833863930891897|0.0038945116740588125|S
0.0013814208165797452|0.0027788458987174267|0.0031667387560558244|0.0007425136889116131|0.0038481835369174183|0.0045553193756483305|0.0059670640638115335|0.0016686552668563875|0.001509454941043234|0.003379427022023133|0.0029645796121661057|0.0020666560813892712|0.002481082326363195|0.0024170652641314506|0.0037125684445580656|0.002927095937569887|0.0009206664344644278|0.003468713977241092|0.005590963823200036|0.005375327403051002|K
0.00226291891691554|0.005618760705484872|0.004649660309463533|0.0014420685597466608|0.006855721967160089|0.008145328839223254|0.010763710917478216|0.003385323330386583|0.002553101521373907|0.005676460294470063|0.006126685554507791|0.004136260316960268|0.003660765163936325|0.004012859006210919|0.007799131305312111|0.005112941680877472|0.003468713977241092|0.0040107531817954005|0.00373783833754428|0.00418006146480304|G
0.001853967815421963|0.0033950101226979655|0.003987589113224704|0.0008284313250647436|0.004450449319755539|0.005244345124405789|0.007251195792394352|0.0021104572292320435|0.0028070639458853664|0.004136260316960268|0.010135332911887673|0.002893823911804704|0.0029818473723733523|0.0028685540188184895|0.0043245210197075685|0.003833863930891897|0.005590963823200036|0.00373783833754428|0.0011198774241724216|0.0021289884840886013|E
0.0014883966968880548|0.0028988778904019473|0.0037277303803497945|0.0007079781684971194|0.003589167133808716|0.004345579263862747|0.005584646349953482|0.0018678662565643812|0.0027615781385101797|0.004030969096184373|0.009021351796078702|0.002693770592330503|0.002834439663287099|0.0032421272701313657|0.003927362534940891|0.0038945116740588125|0.005375327403051002|0.00418006146480304|0.0021289884840886013|0.0011826309917548552|D
