W,F,Y,C,I,V,L,M,H,T,R,P,Q,N,A,S,K,G,E,D,AA
0.0010435690060005,0.0030654839551265,0.0029350378293764,0.0005217845030002,0.0037177145838768,0.0036524915210018,0.0056091834072528,0.0014349073832507,0.0016957996347508,0.0019566918862509,0.0035872684581267,0.0030002608922515,0.0011740151317505,0.0012392381946256,0.0036524915210018,0.0011740151317505,0.0008478998173754,0.0028698147665014,0.002152361074876,0.0024132533263762,W
0.0030654839551265,0.006130967910253,0.0093921210540046,0.0012392381946256,0.0125880511348812,0.0117401513175058,0.0187190190451343,0.0059352987216279,0.004109052961127,0.0059352987216279,0.0053482911557526,0.0043047221497521,0.0043699452126271,0.0030002608922515,0.0097834594312548,0.0037177145838768,0.0042394990868771,0.006065744847378,0.0042394990868771,0.0028698147665014,F
0.0029350378293764,0.0093921210540046,0.0036524915210018,0.0009783459431254,0.008022436733629,0.008022436733629,0.0138272893295069,0.0033263762066266,0.004174276024002,0.006000521784503,0.0069136446647534,0.0052830680928776,0.004043829898252,0.0033915992695016,0.0076963214192538,0.0044351682755022,0.0047612835898773,0.0062614140360031,0.0063266370988781,0.0056091834072528,Y
0.0005217845030002,0.0012392381946256,0.0009783459431254,0.000195669188625,0.0024132533263762,0.0024132533263762,0.0028045917036264,0.0008478998173754,0.0013044612575006,0.0009783459431254,0.0013696843203756,0.0007826767545003,0.0011087920688755,0.0006522306287503,0.0019566918862509,0.0011087920688755,0.0009783459431254,0.0015001304461257,0.0003913383772501,0.0003261153143751,C
0.0037177145838768,0.0125880511348812,0.008022436733629,0.0024132533263762,0.0069788677276284,0.0155230889642577,0.0248499869553874,0.0065223062875032,0.0030002608922515,0.006000521784503,0.0048917297156274,0.0052830680928776,0.0035872684581267,0.0038481607096269,0.0116749282546308,0.0039133837725019,0.0033915992695016,0.0050221758413775,0.0036524915210018,0.0039133837725019,I
0.0036524915210018,0.0117401513175058,0.008022436733629,0.0024132533263762,0.0155230889642577,0.0084137751108792,0.0226324028176363,0.006065744847378,0.0033263762066266,0.0067179754761283,0.0070440907905035,0.0056744064701278,0.0045003913383772,0.004174276024002,0.014088181581007,0.0044351682755022,0.0038481607096269,0.008152882859379,0.0048917297156274,0.0039786068353769,V
0.0056091834072528,0.0187190190451343,0.0138272893295069,0.0028045917036264,0.0248499869553874,0.0226324028176363,0.0227628489433863,0.0093268979911296,0.0043047221497521,0.0091964518653795,0.01010957474563,0.0078267675450039,0.0065875293503782,0.0054787372815027,0.0194364727367597,0.006130967910253,0.0075658752935037,0.0098486824941299,0.008152882859379,0.0050221758413775,L
0.0014349073832507,0.0059352987216279,0.0033263762066266,0.0008478998173754,0.0065223062875032,0.006065744847378,0.0093268979911296,0.0013696843203756,0.0018262457605009,0.0029350378293764,0.0026741455778763,0.002152361074876,0.0015653535090007,0.0026741455778763,0.0043699452126271,0.0022828072006261,0.0018262457605009,0.0031959300808765,0.0016305765718758,0.0016957996347508,M
0.0016957996347508,0.004109052961127,0.004174276024002,0.0013044612575006,0.0030002608922515,0.0033263762066266,0.0043047221497521,0.0018262457605009,0.0015653535090007,0.0023480302635011,0.0031959300808765,0.0024132533263762,0.0019566918862509,0.0025436994521262,0.0036524915210018,0.0031307070180015,0.0019566918862509,0.0031959300808765,0.0031307070180015,0.0043699452126271,H
0.0019566918862509,0.0059352987216279,0.006000521784503,0.0009783459431254,0.006000521784503,0.0067179754761283,0.0091964518653795,0.0029350378293764,0.0023480302635011,0.002087138012001,0.0063266370988781,0.0047612835898773,0.0026741455778763,0.004174276024002,0.0076963214192538,0.0045656144012522,0.0034568223323767,0.006000521784503,0.0053482911557526,0.0039133837725019,T
0.0035872684581267,0.0053482911557526,0.0069136446647534,0.0013696843203756,0.0048917297156274,0.0070440907905035,0.01010957474563,0.0026741455778763,0.0031959300808765,0.0063266370988781,0.0042394990868771,0.0046308374641273,0.0058700756587529,0.0049569527785024,0.0082181059222541,0.0046960605270023,0.0030002608922515,0.0075006522306287,0.0130446125750065,0.0114792590660057,R
0.0030002608922515,0.0043047221497521,0.0052830680928776,0.0007826767545003,0.0052830680928776,0.0056744064701278,0.0078267675450039,0.002152361074876,0.0024132533263762,0.0047612835898773,0.0046308374641273,0.0018914688233759,0.0039133837725019,0.004174276024002,0.0057396295330028,0.004043829898252,0.0034568223323767,0.0042394990868771,0.0035872684581267,0.004174276024002,P
0.0011740151317505,0.0043699452126271,0.004043829898252,0.0011087920688755,0.0035872684581267,0.0045003913383772,0.0065875293503782,0.0015653535090007,0.0019566918862509,0.0026741455778763,0.0058700756587529,0.0039133837725019,0.0013696843203756,0.0030002608922515,0.0054787372815027,0.0028045917036264,0.0030654839551265,0.0042394990868771,0.0036524915210018,0.0028698147665014,Q
0.0012392381946256,0.0030002608922515,0.0033915992695016,0.0006522306287503,0.0038481607096269,0.004174276024002,0.0054787372815027,0.0026741455778763,0.0025436994521262,0.004174276024002,0.0049569527785024,0.004174276024002,0.0030002608922515,0.0015001304461257,0.0048917297156274,0.0024784763892512,0.0025436994521262,0.0039133837725019,0.0035872684581267,0.0032611531437516,N
0.0036524915210018,0.0097834594312548,0.0076963214192538,0.0019566918862509,0.0116749282546308,0.014088181581007,0.0194364727367597,0.0043699452126271,0.0036524915210018,0.0076963214192538,0.0082181059222541,0.0057396295330028,0.0054787372815027,0.0048917297156274,0.0070440907905035,0.0047612835898773,0.004109052961127,0.0072397599791286,0.0052178450300026,0.0037829376467518,A
0.0011740151317505,0.0037177145838768,0.0044351682755022,0.0011087920688755,0.0039133837725019,0.0044351682755022,0.006130967910253,0.0022828072006261,0.0031307070180015,0.0045656144012522,0.0046960605270023,0.004043829898252,0.0028045917036264,0.0024784763892512,0.0047612835898773,0.002087138012001,0.0026089225150013,0.0042394990868771,0.0037829376467518,0.0036524915210018,S
0.0008478998173754,0.0042394990868771,0.0047612835898773,0.0009783459431254,0.0033915992695016,0.0038481607096269,0.0075658752935037,0.0018262457605009,0.0019566918862509,0.0034568223323767,0.0030002608922515,0.0034568223323767,0.0030654839551265,0.0025436994521262,0.004109052961127,0.0026089225150013,0.0017610226976258,0.0033915992695016,0.0078919906078789,0.0077615444821288,K
0.0028698147665014,0.006065744847378,0.0062614140360031,0.0015001304461257,0.0050221758413775,0.008152882859379,0.0098486824941299,0.0031959300808765,0.0031959300808765,0.006000521784503,0.0075006522306287,0.0042394990868771,0.0042394990868771,0.0039133837725019,0.0072397599791286,0.0042394990868771,0.0033915992695016,0.0033263762066266,0.0042394990868771,0.0045003913383772,G
0.002152361074876,0.0042394990868771,0.0063266370988781,0.0003913383772501,0.0036524915210018,0.0048917297156274,0.008152882859379,0.0016305765718758,0.0031307070180015,0.0053482911557526,0.0130446125750065,0.0035872684581267,0.0036524915210018,0.0035872684581267,0.0052178450300026,0.0037829376467518,0.0078919906078789,0.0042394990868771,0.0013044612575006,0.0031959300808765,E
0.0024132533263762,0.0028698147665014,0.0056091834072528,0.0003261153143751,0.0039133837725019,0.0039786068353769,0.0050221758413775,0.0016957996347508,0.0043699452126271,0.0039133837725019,0.0114792590660057,0.004174276024002,0.0028698147665014,0.0032611531437516,0.0037829376467518,0.0036524915210018,0.0077615444821288,0.0045003913383772,0.0031959300808765,0.0008478998173754,D
