W,F,Y,C,I,V,L,M,H,T,R,P,Q,N,A,S,K,G,E,D,AA
16.674132304723834,-3.060348131696088,-9.090208155246613,7.518799620024484,-2.6957828210881947,19.702092188868043,31.16275565170411,-9.47895743007337,-9.770958070488978,-9.718379546977399,-1.9717523899994347,15.136457799428312,9.357708278987634,-23.01200562709417,10.5051152124551,24.437266114707665,-0.877150406233667,5.930132978262071,11.87765491932123,24.495736641496833,W
-3.060348131696088,62.98129677853612,17.07158684892343,81.32719583382581,8.208239850618108,2.0807313031099866,5.115720970461359,-5.908905083879769,14.334698898356166,-7.836048767937257,-15.954118197926107,-22.73879633823368,1.7037414799106434,11.801425189948482,-0.5961408546897303,0.6347765707466976,-0.5944472398529533,9.662422888706846,-12.410728397099646,-2.9788669638469516,F
-9.090208155246613,17.07158684892343,20.66442139874076,31.022828673195,-1.292171247044767,-2.218216193087945,22.857324909642895,-8.943138127049185,46.644807083381664,15.48996322062883,-17.614370159571045,-12.209573899869936,9.952223557925056,18.331166222284008,19.162854073569395,37.26522673884559,-2.831883833079383,-8.405931457823018,-15.102665733407322,-22.24626939331969,Y
7.518799620024484,81.32719583382581,31.022828673195,inf,34.52194893491512,-6.621987655253162,30.230185710640857,26.387370123456805,inf,37.18494369110647,-11.24267471383935,9.518748681354621,42.3789309625052,12.797863903855783,18.420380667115495,12.487086405754193,-27.959728846475386,10.602015660370311,16.629960156939806,9.80107262067805,C
-2.6957828210881947,8.208239850618108,-1.292171247044767,34.52194893491512,2.0732272548349404,7.4847625470318135,1.8600210245459805,14.023464771619857,4.620883190039956,5.5840136543602235,-9.879008514520086,-4.685084502950444,5.747220305110959,-3.0014185833026548,10.20306243562412,12.747445991633203,-20.838078965155947,30.81988631705739,5.2192637368064405,20.28188318748875,I
19.702092188868043,2.0807313031099866,-2.218216193087945,-6.621987655253162,7.4847625470318135,6.253190966463425,0.9051049312132196,-19.226664878098433,-19.679516776027654,13.515651077073123,-14.33584317259513,-7.98190065235629,9.316048153985852,16.511430101094547,13.860931510377538,16.378490284198246,-9.21374155047098,3.0266528927422334,-7.29352691928454,11.064389122289665,V
31.16275565170411,5.115720970461359,22.857324909642895,30.230185710640857,1.8600210245459805,0.9051049312132196,17.805158809572838,14.659071298670026,-23.571010548664386,-2.8052920937493115,-4.908376435889962,6.425322360107205,21.53926358169697,-6.544734855322353,6.713305458772013,20.750659663197986,-12.20853240925852,-2.060196647555965,10.987431980322144,-6.4855880429758095,L
-9.47895743007337,-5.908905083879769,-8.943138127049185,26.387370123456805,14.023464771619857,-19.226664878098433,14.659071298670026,-17.575818123106604,-31.21382279864875,-4.510103211536996,-39.275320195284436,-33.7889784884394,13.657443108662076,-31.862837380528518,6.220821757813322,8.250281308425919,-18.274782768855545,-6.7708408398222115,-8.031379766642752,4.30125518605603,M
-9.770958070488978,14.334698898356166,46.644807083381664,inf,4.620883190039956,-19.679516776027654,-23.571010548664386,-31.21382279864875,24.584727955329676,-18.365715150964007,-11.541279864130109,-25.84600507345765,1.4900423430099847,-35.99474746192616,4.898969445658963,15.592397468012232,-22.63056563763387,-4.373224343640259,-8.170105306368468,-5.063058239164069,H
-9.718379546977399,-7.836048767937257,15.48996322062883,37.18494369110647,5.5840136543602235,13.515651077073123,-2.8052920937493115,-4.510103211536996,-18.365715150964007,11.992891535324365,-16.557685586833202,-13.408306476689996,-4.061695749764283,8.844274689247388,9.340437978734316,33.734794459557946,0.18084956972517638,26.45726821531995,-6.282511769448254,11.569451675479478,T
-1.9717523899994347,-15.954118197926107,-17.614370159571045,-11.24267471383935,-9.879008514520086,-14.33584317259513,-4.908376435889962,-39.275320195284436,-11.541279864130109,-16.557685586833202,-5.264690992812314,-29.668849387150498,-19.35289292470843,-25.84832572662698,-10.412842153707103,-4.169798474225978,-23.484008785197773,-6.19836514679807,-30.658841273081865,-15.01083509300893,R
15.136457799428312,-22.73879633823368,-12.209573899869936,9.518748681354621,-4.685084502950444,-7.98190065235629,6.425322360107205,-33.7889784884394,-25.84600507345765,-13.408306476689996,-29.668849387150498,-14.347976789051417,2.3143081670786456,5.6996835917503095,-4.184016196655356,11.708138446814516,-8.960174584239128,8.755284188977953,-3.042119178688018,28.17219728020929,P
9.357708278987634,1.7037414799106434,9.952223557925056,42.3789309625052,5.747220305110959,9.316048153985852,21.53926358169697,13.657443108662076,1.4900423430099847,-4.061695749764283,-19.35289292470843,2.3143081670786456,14.360086129423816,3.357125136726048,-6.871478837008304,-7.68547818354604,-0.9930766904231083,11.354541399697293,2.4372870793619588,-22.903842274641907,Q
-23.01200562709417,11.801425189948482,18.331166222284008,12.797863903855783,-3.0014185833026548,16.511430101094547,-6.544734855322353,-31.862837380528518,-35.99474746192616,8.844274689247388,-25.84832572662698,5.6996835917503095,3.357125136726048,-11.500962356685141,-6.010409080075726,-0.4386569777215516,-21.1600887803931,-2.1721750826392827,5.392556535387497,2.0431211038738106,N
10.5051152124551,-0.5961408546897303,19.162854073569395,18.420380667115495,10.20306243562412,13.860931510377538,6.713305458772013,6.220821757813322,4.898969445658963,9.340437978734316,-10.412842153707103,-4.184016196655356,-6.871478837008304,-6.010409080075726,4.758252082339254,-5.213078907323148,-18.15127812069461,4.442526915321044,-19.511179107111467,6.639731301219268,A
24.437266114707665,0.6347765707466976,37.26522673884559,12.487086405754193,12.747445991633203,16.378490284198246,20.750659663197986,8.250281308425919,15.592397468012232,33.734794459557946,-4.169798474225978,11.708138446814516,-7.68547818354604,-0.4386569777215516,-5.213078907323148,61.25528591791971,-12.892881726982417,35.66424692843804,-9.693602283842152,-0.5142401574493501,S
-0.877150406233667,-0.5944472398529533,-2.831883833079383,-27.959728846475386,-20.838078965155947,-9.21374155047098,-12.20853240925852,-18.274782768855545,-22.63056563763387,0.18084956972517638,-23.484008785197773,-8.960174584239128,-0.9930766904231083,-21.1600887803931,-18.15127812069461,-12.892881726982417,-26.46313443627043,-21.190073676583328,-20.892879694577182,-21.2278135624009,K
5.930132978262071,9.662422888706846,-8.405931457823018,10.602015660370311,30.81988631705739,3.0266528927422334,-2.060196647555965,-6.7708408398222115,-4.373224343640259,26.45726821531995,-6.19836514679807,8.755284188977953,11.354541399697293,-2.1721750826392827,4.442526915321044,35.66424692843804,-21.190073676583328,37.58631513453871,4.333449744677725,5.712138002921709,G
11.87765491932123,-12.410728397099646,-15.102665733407322,16.629960156939806,5.2192637368064405,-7.29352691928454,10.987431980322144,-8.031379766642752,-8.170105306368468,-6.282511769448254,-30.658841273081865,-3.042119178688018,2.4372870793619588,5.392556535387497,-19.511179107111467,-9.693602283842152,-20.892879694577182,4.333449744677725,-17.880232011633513,-16.382551468884795,E
24.495736641496833,-2.9788669638469516,-22.24626939331969,9.80107262067805,20.28188318748875,11.064389122289665,-6.4855880429758095,4.30125518605603,-5.063058239164069,11.569451675479478,-15.01083509300893,28.17219728020929,-22.903842274641907,2.0431211038738106,6.639731301219268,-0.5142401574493501,-21.2278135624009,5.712138002921709,-16.382551468884795,32.35164756800559,D
