W,F,Y,C,I,V,L,M,H,T,R,P,Q,N,A,S,K,G,E,D,AA
0.6840258193896096,1.6032475247524753,0.9931800361056912,1.2316976875352512,1.877586673556261,0.9554130818173846,1.082082648419282,1.540677966101695,1.2832815881080062,1.4006372372681022,1.099895017362513,0.769339356295878,1.4000718446103713,3.0836158192090397,0.8793507227650812,1.0263355906696763,1.9256279988710132,0.8978160594935517,0.905430758247414,0.4010915557735942,W
1.6032475247524753,0.16548715758648036,0.4004834213964214,0.2366246665654616,0.7910522412514445,1.0180272717849166,0.8465893344946357,0.9366871710161363,0.40952380952380957,1.0900469176213858,1.314631217359734,1.642247600872081,0.8680034507006517,0.7692090395480227,0.9340393527929101,1.4950410103297986,0.6833113497895862,0.6381432836698976,1.0264250660626653,1.0263877108660824,F
0.9931800361056912,0.4004834213964214,0.3745964216627772,0.5128783605940966,1.0006530380465644,1.0389786418400875,0.5131665926881261,1.0779286926994907,0.2092575971278369,0.5448484682663457,1.150651515151515,1.0620455078583158,0.6589028377669236,0.5002331492220697,0.5545476556665382,0.3684020327498589,0.6249520668762942,0.8665484973332056,0.8544343663391283,1.1111183433603304,Y
1.2316976875352512,0.2366246665654616,0.5128783605940966,0.0,0.5126034612490593,1.4739954026379516,0.717857479054881,0.6155668358714045,0.0,0.5128783605940966,1.154856013551666,0.7695345557122707,0.3076966450521567,0.6840258193896096,0.6409351773449995,0.6594801531331855,1.540220152413209,0.6477961268860639,1.5397631133671745,1.5397631133671745,C
1.877586673556261,0.7910522412514445,1.0006530380465644,0.5126034612490593,1.2567620251830778,1.0148866892419899,1.1395787514106144,0.6694624171259685,0.8392971820493719,0.9851532349602724,1.6903333386950623,0.8724428297729263,0.9093480776649093,0.9093480776649093,0.9086763905800668,0.9233512595527881,1.4137360559652108,0.6043505674653216,0.9368125784306488,0.5998622020118507,I
0.9554130818173846,1.0180272717849166,1.0389786418400875,1.4739954026379516,1.0148866892419899,1.2052218057163793,1.3515191297824456,1.7882191683281117,1.6332277953674388,1.073432194283258,1.7337113660098564,1.0117203647416413,0.9167961083215934,0.6833113497895862,0.801757722044537,1.1201482549160917,1.3405797101449275,0.8649176370349332,1.2559610092224955,0.8391608391608391,V
1.082082648419282,0.8465893344946357,0.5131665926881261,0.717857479054881,1.1395787514106144,1.3515191297824456,0.8159659817309296,0.8972064393939392,2.1874770410108195,1.349592166492521,1.3700829412620654,0.8987168934913131,0.7936287582654441,1.073432194283258,0.9878821099353597,0.9619472789115646,1.0919879171461448,1.2097837994947123,0.6262436947568143,1.3383273116552923,L
1.540677966101695,0.9366871710161363,1.0779286926994907,0.6155668358714045,0.6694624171259685,1.7882191683281117,0.8972064393939392,1.297056199821588,1.4674688416915664,1.1778850153922955,2.68071171682756,2.6679976300265333,0.8099737064931593,1.082082648419282,1.0066008757597542,0.9120736555764805,0.9896258022847454,1.1656495204882302,1.2602173187084178,1.0868236622712326,M
1.2832815881080062,0.40952380952380957,0.2092575971278369,0.0,0.8392971820493719,1.6332277953674388,2.1874770410108195,1.4674688416915664,0.26731896319183895,1.5415959252971139,1.2136899404226138,1.4224678036895233,1.0263504611330698,1.4883008410904905,0.7097832938465884,0.5952350594706836,1.1549872845436562,0.9620548332391182,1.2323529411764707,0.6630355846042121,H
1.4006372372681022,1.0900469176213858,0.5448484682663457,0.5128783605940966,0.9851532349602724,1.073432194283258,1.349592166492521,1.1778850153922955,1.5415959252971139,1.1198767334360553,1.1609075777873732,1.0661146219219872,1.6521774291375197,0.7690132880972576,0.7592488200270185,0.5855259617971482,1.0558177117000647,0.5195580783367043,0.8300045402849142,0.846225614927905,T
1.099895017362513,1.314631217359734,1.150651515151515,1.154856013551666,1.6903333386950623,1.7337113660098564,1.3700829412620654,2.68071171682756,1.2136899404226138,1.1609075777873732,0.9528254866302958,2.1727005841227567,1.314631217359734,1.7018877985729937,1.085364592757257,1.2693840791207325,1.6828740664434716,0.9268695559986184,1.5185646180221224,1.298659893655905,R
0.769339356295878,1.642247600872081,1.0620455078583158,0.7695345557122707,0.8724428297729263,1.0117203647416413,0.8987168934913131,2.6679976300265333,1.4224678036895233,1.0661146219219872,2.1727005841227567,1.4499169159189098,0.7323211930334599,0.683490269930948,0.9050286781379218,0.6750356653043783,0.7285287250338335,0.8025280346252213,0.7354427112143673,0.3132074167516287,P
1.4000718446103713,0.8680034507006517,0.6589028377669236,0.3076966450521567,0.9093480776649093,0.9167961083215934,0.7936287582654441,0.8099737064931593,1.0263504611330698,1.6521774291375197,1.314631217359734,0.7323211930334599,0.7694695259593679,0.8145371740106044,0.8933382070730147,1.3920258502656224,0.7911920235740523,0.654113996367704,0.7152247360879226,1.6917532271768028,Q
3.0836158192090397,0.7692090395480227,0.5002331492220697,0.6840258193896096,0.9093480776649093,0.6833113497895862,1.073432194283258,1.082082648419282,1.4883008410904905,0.7690132880972576,1.7018877985729937,0.683490269930948,0.8145371740106044,1.4499169159189098,0.8486741906509939,1.4842160406516842,1.3074205552983142,1.0498417517947662,0.7482874227717403,0.8057810627785182,N
0.8793507227650812,0.9340393527929101,0.5545476556665382,0.6409351773449995,0.9086763905800668,0.801757722044537,0.9878821099353597,1.0066008757597542,0.7097832938465884,0.7592488200270185,1.085364592757257,0.9050286781379218,0.8933382070730147,0.8486741906509939,0.8279208741357876,1.3709168873754571,1.3119361219665173,0.9382593825938259,1.1556469920544836,1.120012340600576,A
1.0263355906696763,1.4950410103297986,0.3684020327498589,0.6594801531331855,0.9233512595527881,1.1201482549160917,0.9619472789115646,0.9120736555764805,0.5952350594706836,0.5855259617971482,1.2693840791207325,0.6750356653043783,1.3920258502656224,1.4842160406516842,1.3709168873754571,0.30750141003948117,1.7991888322957932,0.48179904730253686,1.3792275931970965,1.3074205552983142,S
1.9256279988710132,0.6833113497895862,0.6249520668762942,1.540220152413209,1.4137360559652108,1.3405797101449275,1.0919879171461448,0.9896258022847454,1.1549872845436562,1.0558177117000647,1.6828740664434716,0.7285287250338335,0.7911920235740523,1.3074205552983142,1.3119361219665173,1.7991888322957932,0.9235460191981932,1.624000477383936,1.059953270456408,1.123982672397933,K
0.8978160594935517,0.6381432836698976,0.8665484973332056,0.6477961268860639,0.6043505674653216,0.8649176370349332,1.2097837994947123,1.1656495204882302,0.9620548332391182,0.5195580783367043,0.9268695559986184,0.8025280346252213,0.654113996367704,1.0498417517947662,0.9382593825938259,0.48179904730253686,1.624000477383936,0.5270146003065258,0.9234162895927602,0.8161822013105101,G
0.905430758247414,1.0264250660626653,0.8544343663391283,1.5397631133671745,0.9368125784306488,1.2559610092224955,0.6262436947568143,1.2602173187084178,1.2323529411764707,0.8300045402849142,1.5185646180221224,0.7354427112143673,0.7152247360879226,0.7482874227717403,1.1556469920544836,1.3792275931970965,1.059953270456408,0.9234162895927602,1.8487859966120836,0.8057810627785182,E
0.4010915557735942,1.0263877108660824,1.1111183433603304,1.5397631133671745,0.5998622020118507,0.8391608391608391,1.3383273116552923,1.0868236622712326,0.6630355846042121,0.846225614927905,1.298659893655905,0.3132074167516287,1.6917532271768028,0.8057810627785182,1.120012340600576,1.3074205552983142,1.123982672397933,0.8161822013105101,0.8057810627785182,0.5128783605940966,D
