W,F,Y,C,I,V,L,M,H,T,R,P,Q,N,A,S,K,G,E,D,AA
0.1813818052153708,17.43970967672972,-9.38741003278883,16.569212225396853,24.664216592251826,17.72121053738087,34.588798954418365,9.292229727908955,1.0612382562730633,4.914187282599336,2.1633710752792057,3.7482527752888397,23.972740483759132,25.89402087011294,4.921327700747708,25.566205052480473,27.580088794642027,1.2488699267784025,7.5631792953316985,-15.179911475854704,W
17.43970967672972,-15.14227356481174,-22.669958898083888,18.73319733338529,-1.9712436152841997,2.856672543955704,-2.1169997453524876,-8.74944787191846,-24.43738545067899,-4.091529650429578,-4.073724111379417,-1.1949327294529182,-4.444113350680617,0.40586312136616104,-3.5596234307412127,18.10008716225311,-17.1325837992173,-9.845756837821819,-11.27800346807274,-1.8477226130325746,F
-9.38741003278883,-22.669958898083888,-21.97921615572841,2.024266239581109,-1.2638194214383403,-0.5575542021760773,-6.116837499228075,-5.684134898324142,-21.287069508963263,-10.882463349188336,-11.519988792464531,-9.59526126597355,-8.16563864469542,-11.751586980050394,-6.443258559843973,-6.1025714752283164,-23.24721296098053,-14.626644108304928,-21.934794947158416,-17.670237654838676,Y
16.569212225396853,18.73319733338529,2.024266239581109,92.92788009854472,5.500102369111803,10.227625241684937,15.83400865800052,5.314891508077749,-22.686687604915186,8.186381257492577,-4.989890699513829,-1.85843867210978,-8.80879293997635,-3.694886595652679,-0.8982085096985936,-5.592740583177713,-9.201448701478506,-8.254149632145765,35.37535130092363,28.54646376466188,C
24.664216592251826,-1.9712436152841997,-1.2638194214383403,5.500102369111803,11.998532196520719,8.12651820210565,7.5344553031965535,-3.403915105966879,-2.9875403133120213,4.934392432217491,12.918227206058978,-10.611386730960929,1.6202356101001796,-7.128403278313429,6.043986862533216,9.284140586684098,-5.80124552527812,8.94877974030703,2.384535067313533,-1.9129670706490032,I
17.72121053738087,2.856672543955704,-0.5575542021760773,10.227625241684937,8.12651820210565,14.359889029674289,13.987324651680561,6.015409708960045,1.6251594668726794,16.593112723869893,9.561836465348476,-7.475851460418699,5.54332426443638,-0.02670645826980485,4.26524665856769,21.306040946834997,3.515522649706749,-3.2758717924874268,2.604088792938372,3.448909980545964,V
34.588798954418365,-2.1169997453524876,-6.116837499228075,15.83400865800052,7.5344553031965535,13.987324651680561,8.97236411455385,9.948309490968873,10.423339802958726,10.214962785301148,8.766309465306062,1.7876128951555943,11.50100325257184,-3.467273208525581,6.183817522861805,19.065786710511983,-8.386749116872647,6.210579799304518,-9.338231393003186,6.170646040244359,L
9.292229727908955,-8.74944787191846,-5.684134898324142,5.314891508077749,-3.403915105966879,6.015409708960045,9.948309490968873,-6.279938730302012,-14.556933920828433,2.600186477206843,3.5496910604166354,8.829565457793748,4.504535205135245,-28.436794077814277,6.506552148294875,4.2532724788518985,-18.727681766025476,-0.11404190375054982,2.013164600485412,7.9171637147411085,M
1.0612382562730633,-24.43738545067899,-21.287069508963263,-22.686687604915186,-2.9875403133120213,1.6251594668726794,10.423339802958726,-14.556933920828433,-32.71229524217135,0.43134022243434117,-3.130504630271224,-10.541760543071502,2.619610520718398,-18.72567474284505,-9.988453239098648,-6.9387521992007875,-16.372845334551116,-6.053241766208584,0.903405286035553,-22.909374511426538,H
4.914187282599336,-4.091529650429578,-10.882463349188336,8.186381257492577,4.934392432217491,16.593112723869893,10.214962785301148,2.600186477206843,0.43134022243434117,16.909913718887115,-10.077920982024818,-10.627916496177777,17.743972734968366,-2.5623408888079062,-2.621149457283529,10.489410073372058,2.5397438860471526,-1.9793216018425626,-14.374464963733466,4.318068387802597,T
2.1633710752792057,-4.073724111379417,-11.519988792464531,-4.989890699513829,12.918227206058978,9.561836465348476,8.766309465306062,3.5496910604166354,-3.130504630271224,-10.077920982024818,-7.36335445822193,4.031138724755225,-7.472498838161734,-2.755233257930534,-6.855277180877885,6.189506225807164,-0.8788469971823998,-9.496503393215498,-12.515513596724489,-3.661292245000399,R
3.7482527752888397,-1.1949327294529182,-9.59526126597355,-1.85843867210978,-10.611386730960929,-7.475851460418699,1.7876128951555943,8.829565457793748,-10.541760543071502,-10.627916496177777,4.031138724755225,1.7863348832904662,-11.215531573093255,-10.827082768835012,-8.517782081691012,-5.359189627757818,-22.715506567633657,-0.7986945606052929,-16.387234364582845,-22.244598959690425,P
23.972740483759132,-4.444113350680617,-8.16563864469542,-8.80879293997635,1.6202356101001796,5.54332426443638,11.50100325257184,4.504535205135245,2.619610520718398,17.743972734968366,-7.472498838161734,-11.215531573093255,2.979228602085487,-5.551783911740979,-11.769887969624468,6.6792518470314395,-11.164886664579075,-7.080114397971886,-12.118460305957441,-0.07014091329601893,Q
25.89402087011294,0.40586312136616104,-11.751586980050394,-3.694886595652679,-7.128403278313429,-0.02670645826980485,-3.467273208525581,-28.436794077814277,-18.72567474284505,-2.5623408888079062,-2.755233257930534,-10.827082768835012,-5.551783911740979,4.633349315656744,-13.136309591559872,16.71105511348071,-9.51855791317679,-0.05979103295834307,-7.200598899109117,-7.335173244580314,N
4.921327700747708,-3.5596234307412127,-6.443258559843973,-0.8982085096985936,6.043986862533216,4.26524665856769,6.183817522861805,6.506552148294875,-9.988453239098648,-2.621149457283529,-6.855277180877885,-8.517782081691012,-11.769887969624468,-13.136309591559872,-3.442864670122202,8.488033716169022,-6.360009140573451,1.6748185204864336,-13.228659783057797,11.562012088345233,A
25.566205052480473,18.10008716225311,-6.1025714752283164,-5.592740583177713,9.284140586684098,21.306040946834997,19.065786710511983,4.2532724788518985,-6.9387521992007875,10.489410073372058,6.189506225807164,-5.359189627757818,6.6792518470314395,16.71105511348071,8.488033716169022,10.039997074091533,12.614792946668615,3.9508406184437974,4.269991434100015,11.127290709766953,S
27.580088794642027,-17.1325837992173,-23.24721296098053,-9.201448701478506,-5.80124552527812,3.515522649706749,-8.386749116872647,-18.727681766025476,-16.372845334551116,2.5397438860471526,-0.8788469971823998,-22.715506567633657,-11.164886664579075,-9.51855791317679,-6.360009140573451,12.614792946668615,-29.91728036704806,-0.13145841973894715,-18.36420777472945,-16.151851953328684,K
1.2488699267784025,-9.845756837821819,-14.626644108304928,-8.254149632145765,8.94877974030703,-3.2758717924874268,6.210579799304518,-0.11404190375054982,-6.053241766208584,-1.9793216018425626,-9.496503393215498,-0.7986945606052929,-7.080114397971886,-0.05979103295834307,1.6748185204864336,3.9508406184437974,-0.13145841973894715,9.768579833160516,0.873202893312429,-3.1091500198703015,G
7.5631792953316985,-11.27800346807274,-21.934794947158416,35.37535130092363,2.384535067313533,2.604088792938372,-9.338231393003186,2.013164600485412,0.903405286035553,-14.374464963733466,-12.515513596724489,-16.387234364582845,-12.118460305957441,-7.200598899109117,-13.228659783057797,4.269991434100015,-18.36420777472945,0.873202893312429,8.80843228603798,-25.760845817338918,E
-15.179911475854704,-1.8477226130325746,-17.670237654838676,28.54646376466188,-1.9129670706490032,3.448909980545964,6.170646040244359,7.9171637147411085,-22.909374511426538,4.318068387802597,-3.661292245000399,-22.244598959690425,-0.07014091329601893,-7.335173244580314,11.562012088345233,11.127290709766953,-16.151851953328684,-3.1091500198703015,-25.760845817338918,3.3530851343916965,D
