W,F,Y,C,I,V,L,M,H,T,R,P,Q,N,A,S,K,G,E,D,AA
-7.930727759768903,-48.92247372084606,-51.1822054708562,-20.14772204303865,-33.21007217009752,-6.890768995432096,-4.935799221610041,-41.63203164844964,-30.658117924888295,-23.370314201310993,-22.218243231058395,-9.716195508346473,-1.613438288660386,-27.53221469740921,1.4327006188908074,19.55775478230587,-1.9990782443957917,5.905306035149336,9.780158603379679,27.12036914643125,W
-48.92247372084606,42.807834155362976,-25.411752955106138,50.399907667935395,-31.559254683777198,-31.622230554778923,-34.35820414517589,-43.272358234606514,1.8438823463067269,-19.27058410382887,-23.480041298515356,-31.49627828059685,4.503068801146279,12.900169726461552,-11.57841380290829,-0.36316175756979574,8.268974237128266,10.324973009594048,-0.4375005475057896,11.027492556010698,F
-51.1822054708562,-25.411752955106138,5.722448614876708,6.593754356060809,-33.50084635420738,-29.674634702563445,-6.741665954201561,-39.26803180348544,18.292742154435913,-0.7803831939317654,-40.41408647574099,-35.43459167670947,-0.44827136945965135,5.020722872689624,10.503631998533775,28.665589639738286,-13.364615615673149,-13.106148160558709,-23.868621717658367,-32.901690220305206,Y
-20.14772204303865,50.399907667935395,6.593754356060809,inf,9.100318193549723,-27.849467725404516,9.803251994360943,6.428383532453127,inf,34.405645625606965,-12.203426317194003,8.204441448751297,56.1134348830109,20.528200483494054,19.37790168543113,19.844750197737348,-14.218209120200259,18.026758673663057,37.39178648795178,32.522613350774826,C
-33.21007217009752,-31.559254683777198,-33.50084635420738,9.100318193549723,-11.307787013990591,-29.039289367654003,-37.001883847961224,-15.102937925375892,3.141114203189633,-2.188089647866481,-9.316357586831343,-0.560578806699208,16.166595102205754,10.696605989790287,1.3443354883852314,21.39516203949094,-7.177688722027679,41.81115999807915,24.329436360888526,43.83773977784657,I
-6.890768995432096,-31.622230554778923,-29.674634702563445,-27.849467725404516,-29.039289367654003,1.5221374458787436,-31.622046683690293,-42.055558199926146,-20.003122284082014,6.741921884371904,-12.92622513652276,-1.837907212334081,20.00518827294494,29.197131068649334,6.216999089767708,25.649344230632,4.0555554475393,13.47763386395448,11.670896929844394,33.248862107899704,V
-4.935799221610041,-34.35820414517589,-6.741665954201561,9.803251994360943,-37.001883847961224,-31.622046683690293,8.266830383336014,-11.86583701513765,-22.87704690787695,-4.7042757813423295,-5.465541882394087,10.774733133760751,32.155577059688355,10.838645253294509,1.2365104856572893,33.883299596284346,7.318329092583635,14.221535620471776,33.808960806347834,22.833058120574456,L
-41.63203164844964,-43.272358234606514,-39.26803180348544,6.428383532453127,-15.102937925375892,-42.055558199926146,-11.86583701513765,-15.057084732284778,-34.2463442917445,-8.225384900582268,-37.33632014689486,-33.36001483918255,24.962667286830523,-22.102830042693654,4.8779029554934,15.98181567247484,-0.9992821488022637,2.2924738855052276,10.779954698973691,23.55670688901961,M
-30.658117924888295,1.8438823463067269,18.292742154435913,inf,3.141114203189633,-20.003122284082014,-22.87704690787695,-34.2463442917445,26.272431699075398,-20.931014106712453,-16.548187503103023,-22.791593123326688,7.557409561383069,-34.80845924882237,23.121955084057745,19.025345243360995,-10.474155721574204,7.479532220853578,-11.225623164276548,-12.303659865141372,H
-23.370314201310993,-19.27058410382887,-0.7803831939317654,34.405645625606965,-2.188089647866481,6.741921884371904,-4.7042757813423295,-8.225384900582268,-20.931014106712453,40.89798972569519,-14.138531526164016,-3.0223384582935857,5.105052418182017,13.154062933503047,23.62890192351917,43.959077765626844,14.447275653871527,40.78012249505826,11.038291090788057,25.14847580078286,T
-22.218243231058395,-23.480041298515356,-40.41408647574099,-12.203426317194003,-9.316357586831343,-12.92622513652276,-5.465541882394087,-37.33632014689486,-16.548187503103023,-14.138531526164016,22.055426672300595,-28.37934856869819,-17.766514083438505,-24.887877470778363,7.743423848680783,3.0384377258516118,-2.0835343767665195,6.105219450578341,-51.17979042290659,-35.30092834038342,R
-9.716195508346473,-31.49627828059685,-35.43459167670947,8.204441448751297,-0.560578806699208,-1.837907212334081,10.774733133760751,-33.36001483918255,-22.791593123326688,-3.0223384582935857,-28.37934856869819,23.738198644947957,14.195768340929732,18.441323874528294,17.180314413036115,30.251726485355,18.398150847642945,28.409156962040583,21.437819841252097,50.884524038140086,P
-1.613438288660386,4.503068801146279,-0.44827136945965135,56.1134348830109,16.166595102205754,20.00518827294494,32.155577059688355,24.962667286830523,7.557409561383069,5.105052418182017,-17.766514083438505,14.195768340929732,54.23499240063179,13.486174757974442,21.9530494289187,11.174145181798277,18.570523914654018,36.52421185708105,25.761738299981246,-2.2383380760831506,Q
-27.53221469740921,12.900169726461552,5.020722872689624,20.528200483494054,10.696605989790287,29.197131068649334,10.838645253294509,-22.102830042693654,-34.80845924882237,13.154062933503047,-24.887877470778363,18.441323874528294,13.486174757974442,13.142870384716963,21.622911513011886,8.934911702739795,-6.149419568329936,13.383677725211927,24.8797716500139,11.27103065867222,N
1.4327006188908074,-11.57841380290829,10.503631998533775,19.37790168543113,1.3443354883852314,6.216999089767708,1.2365104856572893,4.8779029554934,23.121955084057745,23.62890192351917,7.743423848680783,17.180314413036115,21.9530494289187,21.622911513011886,48.431573067947944,20.853230885284415,16.967047524311994,29.75616330052764,20.77889209534756,46.16035418467245,A
19.55775478230587,-0.36316175756979574,28.665589639738286,19.844750197737348,21.39516203949094,25.649344230632,33.883299596284346,15.98181567247484,19.025345243360995,43.959077765626844,3.0384377258516118,30.251726485355,11.174145181798277,8.934911702739795,20.853230885284415,107.29853648463359,10.788505226063041,57.70769218507179,14.098770743070027,17.698568936662053,S
-1.9990782443957917,8.268974237128266,-13.364615615673149,-14.218209120200259,-7.177688722027679,4.0555554475393,7.318329092583635,-0.9992821488022637,-10.474155721574204,14.447275653871527,-2.0835343767665195,18.398150847642945,18.570523914654018,-6.149419568329936,16.967047524311994,10.788505226063041,35.83006436202933,5.91264712355574,-25.409795704941875,-28.88779020203328,K
5.905306035149336,10.324973009594048,-13.106148160558709,18.026758673663057,41.81115999807915,13.47763386395448,14.221535620471776,2.2924738855052276,7.479532220853578,40.78012249505826,6.105219450578341,28.409156962040583,36.52421185708105,13.383677725211927,29.75616330052764,57.70769218507179,5.91264712355574,80.91378680029283,39.9751269210916,31.61745933718328,G
9.780158603379679,-0.4375005475057896,-23.868621717658367,37.39178648795178,24.329436360888526,11.670896929844394,33.808960806347834,10.779954698973691,-11.225623164276548,11.038291090788057,-51.17979042290659,21.437819841252097,25.761738299981246,24.8797716500139,20.77889209534756,14.098770743070027,-25.409795704941875,39.9751269210916,59.38871502034758,28.134616663127964,E
27.12036914643125,11.027492556010698,-32.901690220305206,32.522613350774826,43.83773977784657,33.248862107899704,22.833058120574456,23.55670688901961,-12.303659865141372,25.14847580078286,-35.30092834038342,50.884524038140086,-2.2383380760831506,11.27103065867222,46.16035418467245,17.698568936662053,-28.88779020203328,31.61745933718328,28.134616663127964,97.4114442735907,D
