W,F,Y,C,I,V,L,M,H,T,R,P,Q,N,A,S,K,G,E,D,AA
-24.423478259277363,-28.422415912420252,-51.47940734839843,-11.097309437666283,-5.8500727567575055,-8.871650646919264,-1.5097559188957916,-22.86084449046731,-19.825921598126257,-8.737747371734255,-18.083119765779756,-21.10440053248594,13.001593916111116,21.373811799797902,-4.151086892816586,20.68669372007868,26.458160956479897,1.2240429836656723,5.465682979390144,-12.55527897092029,W
-28.422415912420252,-35.31573618798489,-65.15329870211346,-12.194090832505115,-41.7387381496795,-30.8462893139332,-41.59092486098974,-46.112901022645204,-36.928202002728426,-15.526064986321186,-11.599647211968664,-9.952414671816086,-1.6447860294449848,1.504607657879226,-14.54189637895977,17.102148833936614,-8.269162322236088,-9.183206716934619,0.695224381521123,12.158636906825071,F
-51.47940734839843,-65.15329870211346,-36.92118893959246,-22.40480807755308,-33.47249452860097,-28.01397271165157,-35.71582836307254,-36.0090285747604,-49.639134437909014,-27.152809763748937,-34.319705108634466,-32.82027904281309,-18.566133572080123,-25.062030329644774,-15.102480634879594,-14.702208574335623,-33.7799447435743,-19.326860811040625,-30.70075093140946,-28.3256584818242,Y
-11.097309437666283,-12.194090832505115,-22.40480807755308,46.593636038831534,-19.9215283722536,-10.999854828466415,-4.5929250582793975,-14.64409508292593,-38.74769210939964,5.407083191993075,-5.9506423028684825,-3.1727459047131044,4.925710980529338,4.035449983985586,0.05931250861704488,1.76492320880544,4.540071024796613,-0.8294066188530076,56.13717763193561,51.26800449475866,C
-5.8500727567575055,-41.7387381496795,-33.47249452860097,-19.9215283722536,-1.382482072304811,-28.39753371258017,-31.327449569310645,-32.53031780296262,-4.467309300162343,-2.8377108700092113,13.480878133747732,-6.486881034709691,12.039610407194976,6.569621294779505,-2.8147400847056745,17.931856634541834,7.859144717850157,19.94005342132879,21.49470769139562,21.64288951970882,I
-8.871650646919264,-30.8462893139332,-28.01397271165157,-10.999854828466415,-28.39753371258017,9.628835509089614,-18.53982696322295,-16.813483612867675,1.3015539588183158,9.819383531168672,10.971454501420848,-1.331858020396485,16.232464383395474,12.658994509284986,-3.378685762042143,30.576894893268747,16.784819647717026,7.1751091787248225,21.568512642067304,25.633382966156,V
-1.5097559188957916,-41.59092486098974,-35.71582836307254,-4.5929250582793975,-31.327449569310645,-18.53982696322295,-0.5659643116829766,-16.5765988228388,11.117303443746163,8.315979097708132,8.209144018801934,6.1370236688091415,22.117316730563218,13.916106900091277,0.7070225497470762,32.198426643598346,11.140112384969514,22.492312067332264,13.483297433022507,35.48929220379462,L
-22.86084449046731,-46.112901022645204,-36.0090285747604,-14.64409508292593,-32.53031780296262,-16.813483612867675,-16.5765988228388,-3.7612053394801914,-17.589455413924178,-1.1150952118384283,5.488691108806208,9.258529107050599,15.809759383303692,-18.676786739979406,5.163633345974954,11.984806842900818,-1.452181145972203,8.949272821576896,20.824499066101854,27.172615417704684,M
-19.825921598126257,-36.928202002728426,-49.639134437909014,-38.74769210939964,-4.467309300162343,1.3015539588183158,11.117303443746163,-17.589455413924178,-31.024591498425625,-2.133958733314109,-8.137412269244138,-7.487348592940542,8.686977739091478,-17.539386529741257,8.234532399300129,-3.5058044238520263,-4.216435418491449,5.799514798285246,-2.15211257187253,-30.14997613740384,H
-8.737747371734255,-15.526064986321186,-27.152809763748937,5.407083191993075,-2.8377108700092113,9.819383531168672,8.315979097708132,-1.1150952118384283,-2.133958733314109,45.81501190925793,-7.658766921355626,-0.24194847778136092,26.910720902914658,1.7474473554477594,11.667314487501326,20.713693379440944,16.8061699701935,12.343532677895752,2.9463378965028446,17.897092513105978,T
-18.083119765779756,-11.599647211968664,-34.319705108634466,-5.9506423028684825,13.480878133747732,10.971454501420848,8.209144018801934,5.488691108806208,-8.137412269244138,-7.658766921355626,19.956763206890983,5.320639543207531,-5.8861199968918125,-1.7947850020819205,11.300988821509998,13.39774242588475,20.52162741124886,2.8070812041609114,-33.036462746549205,-23.9513854923749,R
-21.10440053248594,-9.952414671816086,-32.82027904281309,-3.1727459047131044,-6.486881034709691,-1.331858020396485,6.1370236688091415,9.258529107050599,-7.487348592940542,-0.24194847778136092,5.320639543207531,39.872510317289844,0.66592860075783,1.9145575139429754,12.846548528000454,13.184398410782668,4.642818864248423,18.85517821245734,8.092704655357258,0.4677277982403715,P
13.001593916111116,-1.6447860294449848,-18.566133572080123,4.925710980529338,12.039610407194976,16.232464383395474,22.117316730563218,15.809759383303692,8.686977739091478,26.910720902914658,-5.8861199968918125,0.66592860075783,42.85413487329346,4.577265709507421,17.05464029630254,25.538875212375757,8.398713940498052,18.08955605941187,11.205990914661843,20.595363285262746,Q
21.373811799797902,1.504607657879226,-25.062030329644774,4.035449983985586,6.569621294779505,12.658994509284986,13.916106900091277,-18.676786739979406,-17.539386529741257,1.7474473554477594,-1.7947850020819205,1.9145575139429754,4.577265709507421,29.27718205705884,14.497011001527744,26.08462379394205,5.492111298886368,15.49606177489286,12.286616215517283,1.8927363102180992,N
-4.151086892816586,-14.54189637895977,-15.102480634879594,0.05931250861704488,-2.8147400847056745,-3.378685762042143,0.7070225497470762,5.163633345974954,8.234532399300129,11.667314487501326,11.300988821509998,12.846548528000454,17.05464029630254,14.497011001527744,40.23045631548649,34.5543435087766,28.75831650443315,26.988454905693025,27.061411419401228,51.08263497179841,A
20.68669372007868,17.102148833936614,-14.702208574335623,1.76492320880544,17.931856634541834,30.576894893268747,32.198426643598346,11.984806842900818,-3.5058044238520263,20.713693379440944,13.39774242588475,13.184398410782668,25.538875212375757,26.08462379394205,34.5543435087766,56.0832476408054,36.296179899714076,25.994285875077544,28.0623644610122,29.340099803878356,S
26.458160956479897,-8.269162322236088,-33.7799447435743,4.540071024796613,7.859144717850157,16.784819647717026,11.140112384969514,-1.452181145972203,-4.216435418491449,16.8061699701935,20.52162741124886,4.642818864248423,8.398713940498052,5.492111298886368,28.75831650443315,36.296179899714076,32.3759184312517,26.97126238040013,-22.881123785094143,-23.811828592961067,K
1.2240429836656723,-9.183206716934619,-19.326860811040625,-0.8294066188530076,19.94005342132879,7.1751091787248225,22.492312067332264,8.949272821576896,5.799514798285246,12.343532677895752,2.8070812041609114,18.85517821245734,18.08955605941187,15.49606177489286,26.988454905693025,25.994285875077544,26.97126238040013,53.09605149891463,36.51488006972631,22.796171314391273,G
5.465682979390144,0.695224381521123,-30.70075093140946,56.13717763193561,21.49470769139562,21.568512642067304,13.483297433022507,20.824499066101854,-2.15211257187253,2.9463378965028446,-33.036462746549205,8.092704655357258,11.205990914661843,12.286616215517283,27.061411419401228,28.0623644610122,-22.881123785094143,36.51488006972631,86.07737931801907,18.75632231467384,E
-12.55527897092029,12.158636906825071,-28.3256584818242,51.26800449475866,21.64288951970882,25.633382966156,35.48929220379462,27.172615417704684,-30.14997613740384,17.897092513105978,-23.9513854923749,0.4677277982403715,20.595363285262746,1.8927363102180992,51.08263497179841,29.340099803878356,-23.811828592961067,22.796171314391273,18.75632231467384,68.41288183997682,D
