W,F,Y,C,I,V,L,M,H,T,R,P,Q,N,A,S,K,G,E,D,AA
-24.604860064492733,-45.86212558914997,-42.091997315609596,-27.666521663063136,-30.514289349009328,-26.592861184300133,-36.09855487331416,-32.15307421837627,-20.88715985439932,-13.651934654333594,-20.246490841058957,-24.85265330777478,-10.971146567648022,-4.520209070315037,-9.07241459356429,-4.879511332401794,-1.1219278381621258,-0.024826943112729778,-2.0974963159415574,2.6246325049344192,W
-45.86212558914997,-20.173462623173144,-42.48333980402957,-30.92728816589041,-39.76749453439531,-33.7029618578889,-39.47392511563725,-37.36345315072674,-12.490816552049438,-11.434535335891614,-7.525923100589248,-8.757481942363174,2.799327321235637,1.0987445365130684,-10.982272948218558,-0.9979383283164954,8.863421476981214,0.6625501208872041,11.97322784959386,14.006359519857646,F
-42.091997315609596,-42.48333980402957,-14.941972783864053,-24.42907431713419,-32.20867510716262,-27.456418509475494,-29.59899086384446,-30.32489367643626,-28.35206492894575,-16.270346414560596,-22.79971631616994,-23.225017776839536,-10.400494927384706,-13.310443349594383,-8.659222075035624,-8.599637099107307,-10.532731782593768,-4.700216702735691,-8.765955984251043,-10.65542082698552,Y
-27.666521663063136,-30.92728816589041,-24.42907431713419,-46.33424405971319,-25.42163074136541,-21.22748007015135,-20.42693371627992,-19.958986591003676,-16.061004504484448,-2.779298065499505,-0.9607516033546499,-1.3143072326033285,13.734503920505691,7.730336579638266,0.9575210183156371,7.357663791983157,13.741519726275122,7.424743013292749,20.761826331011974,22.721540730096777,C
-30.514289349009328,-39.76749453439531,-32.20867510716262,-25.42163074136541,-13.381014268825533,-36.52405191468582,-38.8619048725072,-29.126402696995747,-1.4797689868503277,-7.7721033022267045,0.5626509276887501,4.124505696251242,10.419374797094795,13.698024573092937,-8.858726947238887,8.64771604785774,13.660390243128278,10.991273681021758,19.110172624082082,23.55585659035782,I
-26.592861184300133,-33.7029618578889,-27.456418509475494,-21.22748007015135,-36.52405191468582,-4.731053520584678,-32.5271516149035,-22.82889332182772,-0.3236055080543592,-6.773729192701221,1.409618036072372,6.143993440022209,10.689140118959092,12.685700967554784,-7.643932420609834,9.270853946433755,13.26929699801028,10.450980971212251,18.96442384912893,22.184472985610036,V
-36.09855487331416,-39.47392511563725,-29.59899086384446,-20.42693371627992,-38.8619048725072,-32.5271516149035,-9.538328426236824,-26.52490831380768,0.6939636407874334,-1.8989836875930162,-0.5571654465041255,4.349410773653544,10.616313477991381,17.383380108616862,-5.476794973114727,13.132639933086363,19.52686150184216,16.28173226802775,22.82152882602569,29.318646163550266,L
-32.15307421837627,-37.36345315072674,-30.32489367643626,-19.958986591003676,-29.126402696995747,-22.82889332182772,-26.52490831380768,2.5187333908218235,-3.0325214930957465,-3.715281689045265,1.9390000483895744,0.4289636492568489,11.305224178168451,9.760007337834864,-1.3429188023199172,7.731534364048915,17.27550062005328,9.063314725327439,18.81133446561644,19.255451702963573,M
-20.88715985439932,-12.490816552049438,-28.35206492894575,-16.061004504484448,-1.4797689868503277,-0.3236055080543592,0.6939636407874334,-3.0325214930957465,1.6877037437457214,-2.5652989557484505,-5.006907638972916,3.054411950130963,6.067367218373083,1.1862882131037926,18.222985638398775,3.432947775348761,12.156409916059664,11.852756564493834,-3.0555178579080793,-7.240601625977301,H
-13.651934654333594,-11.434535335891614,-16.270346414560596,-2.779298065499505,-7.7721033022267045,-6.773729192701221,-1.8989836875930162,-3.715281689045265,-2.5652989557484505,28.905098190370815,2.419154060669188,10.385968018396415,9.166748167946299,4.30978824425566,14.288463944784855,10.224283306068886,14.266426084146355,14.322854279738307,17.32080286023631,13.579024125303377,T
-20.246490841058957,-7.525923100589248,-22.79971631616994,-0.9607516033546499,0.5626509276887501,1.409618036072372,-0.5571654465041255,1.9390000483895744,-5.006907638972916,2.419154060669188,27.32011766511291,1.2895008184523054,1.5863788412699278,0.9604482558486153,18.156266002387888,7.208236200077586,21.400474408431258,12.30358459737641,-20.52094914982472,-20.290093247374504,R
-24.85265330777478,-8.757481942363174,-23.225017776839536,-1.3143072326033285,4.124505696251242,6.143993440022209,4.349410773653544,0.4289636492568489,3.054411950130963,10.385968018396415,1.2895008184523054,38.08617543399937,11.881460173851083,12.74164028277798,21.36433060969147,18.54358803854048,27.35832543188208,19.65387277306263,24.479939019940105,22.712326757930796,P
-10.971146567648022,2.799327321235637,-10.400494927384706,13.734503920505691,10.419374797094795,10.689140118959092,10.616313477991381,11.305224178168451,6.067367218373083,9.166748167946299,1.5863788412699278,11.881460173851083,39.874906271207976,10.1290496212484,28.824528265927007,18.85962336534432,19.563600605077124,25.169670457383752,23.324451220619284,20.665504198558757,Q
-4.520209070315037,1.0987445365130684,-13.310443349594383,7.730336579638266,13.698024573092937,12.685700967554784,17.383380108616862,9.760007337834864,1.1862882131037926,4.30978824425566,0.9604482558486153,12.74164028277798,10.1290496212484,24.643832741402104,27.633320593087614,9.373568680461347,15.010669212063158,15.555852807851206,19.487215114626405,9.227909554798412,N
-9.07241459356429,-10.982272948218558,-8.659222075035624,0.9575210183156371,-8.858726947238887,-7.643932420609834,-5.476794973114727,-1.3429188023199172,18.222985638398775,14.288463944784855,18.156266002387888,21.36433060969147,28.824528265927007,27.633320593087614,43.67332098560868,26.066309792607566,35.1183256450066,25.313636385206596,40.29007120245902,39.520622883453186,A
-4.879511332401794,-0.9979383283164954,-8.599637099107307,7.357663791983157,8.64771604785774,9.270853946433755,13.132639933086363,7.731534364048915,3.432947775348761,10.224283306068886,7.208236200077586,18.54358803854048,18.85962336534432,9.373568680461347,26.066309792607566,46.04325056671387,23.681386953045457,22.04344525663375,23.792373026912184,18.212809094111403,S
-1.1219278381621258,8.863421476981214,-10.532731782593768,13.741519726275122,13.660390243128278,13.26929699801028,19.52686150184216,17.27550062005328,12.156409916059664,14.266426084146355,21.400474408431258,27.35832543188208,19.563600605077124,15.010669212063158,35.1183256450066,23.681386953045457,62.29319879829976,27.102720800139075,-4.516916010364688,-7.6599766396323865,K
-0.024826943112729778,0.6625501208872041,-4.700216702735691,7.424743013292749,10.991273681021758,10.450980971212251,16.28173226802775,9.063314725327439,11.852756564493834,14.322854279738307,12.30358459737641,19.65387277306263,25.169670457383752,15.555852807851206,25.313636385206596,22.04344525663375,27.102720800139075,43.32747166575412,35.641677176413886,25.90532133426158,G
-2.0974963159415574,11.97322784959386,-8.765955984251043,20.761826331011974,19.110172624082082,18.96442384912893,22.82152882602569,18.81133446561644,-3.0555178579080793,17.32080286023631,-20.52094914982472,24.479939019940105,23.324451220619284,19.487215114626405,40.29007120245902,23.792373026912184,-4.516916010364688,35.641677176413886,77.2689470319811,44.517168132012756,E
2.6246325049344192,14.006359519857646,-10.65542082698552,22.721540730096777,23.55585659035782,22.184472985610036,29.318646163550266,19.255451702963573,-7.240601625977301,13.579024125303377,-20.290093247374504,22.712326757930796,20.665504198558757,9.227909554798412,39.520622883453186,18.212809094111403,-7.6599766396323865,25.90532133426158,44.517168132012756,65.05979670558513,D
