W,F,Y,C,I,V,L,M,H,T,R,P,Q,N,A,S,K,G,E,D,AA
0.0008245533669262483,0.002293788420956051,0.0028458643165335537,0.00045791739170253685,0.0021098981744794056,0.0026617714547957777,0.003398548727840544,0.0014668133480014668,0.0010997067448680353,0.002017978352595854,0.0025697503671071953,0.0022018348623853213,0.001007972143315312,0.0007328691828508611,0.0032142529157865737,0.0010997067448680353,0.0007328691828508611,0.0022018348623853213,0.00155863207114697,0.0021098981744794056,W
0.002293788420956051,0.0068202764976958525,0.009891836923361376,0.0011914581614884063,0.01223128243143069,0.011200592428029251,0.021698466142910586,0.006356517733763243,0.0041364095964702636,0.005985818215305277,0.005615391696584737,0.004321044405626551,0.0035829122645842904,0.0029379360998898272,0.010358860525342212,0.0030300247911119274,0.0041364095964702636,0.007098736977966258,0.004413387274733358,0.0030300247911119274,F
0.0028458643165335537,0.009891836923361376,0.003767343563355692,0.0010997067448680353,0.0073773515308004425,0.007656120284106632,0.01382830626450116,0.003675119441381845,0.004044117647058824,0.005707972749033327,0.006913079546501982,0.00533775078225658,0.003859584635177357,0.003951842661520081,0.007656120284106632,0.004598123965422108,0.005430280717901519,0.006541969962222427,0.006634721710283818,0.005615391696584737,Y
0.00045791739170253685,0.0011914581614884063,0.0010997067448680353,9.154994049253868e-05,0.0022018348623853213,0.0021098981744794056,0.002753809436387002,0.000916254352208173,0.0012832263978001834,0.0010997067448680353,0.0014668133480014668,0.0010997067448680353,0.000916254352208173,0.0008245533669262483,0.0022018348623853213,0.0012832263978001834,0.000916254352208173,0.0017423200366804218,0.0003663003663003663,0.0003663003663003663,C
0.0021098981744794056,0.01223128243143069,0.0073773515308004425,0.0022018348623853213,0.007470257308862861,0.01637513956084853,0.026498778425108064,0.007191591370090356,0.0030300247911119274,0.006913079546501982,0.004875356452948211,0.006171133830708299,0.004044117647058824,0.004044117647058824,0.01223128243143069,0.004598123965422108,0.004413387274733358,0.005615391696584737,0.0042287185144328,0.003767343563355692,I
0.0026617714547957777,0.011200592428029251,0.007656120284106632,0.0021098981744794056,0.01637513956084853,0.008028052043923595,0.023229674035219184,0.005893186003683241,0.0031221303948576677,0.006078467489408731,0.006078467489408731,0.006449235304956698,0.004321044405626551,0.0041364095964702636,0.01458159190117953,0.004044117647058824,0.0042287185144328,0.008865903213889916,0.004967801287948482,0.004044117647058824,V
0.003398548727840544,0.021698466142910586,0.01382830626450116,0.002753809436387002,0.026498778425108064,0.023229674035219184,0.023229674035219184,0.008865903213889916,0.003767343563355692,0.009518528786618612,0.00979848400813459,0.008214120904476234,0.005707972749033327,0.006078467489408731,0.020076571108413484,0.005893186003683241,0.007284462886122637,0.009425244871557938,0.009052281544430076,0.004875356452948211,L
0.0014668133480014668,0.006356517733763243,0.003675119441381845,0.000916254352208173,0.007191591370090356,0.005893186003683241,0.008865903213889916,0.0017423200366804218,0.0019260753920939191,0.0031221303948576677,0.002753809436387002,0.002017978352595854,0.0017423200366804218,0.003398548727840544,0.004782928623988227,0.0024777461686702764,0.0025697503671071953,0.003398548727840544,0.002017978352595854,0.00155863207114697,M
0.0010997067448680353,0.0041364095964702636,0.004044117647058824,0.0012832263978001834,0.0030300247911119274,0.0031221303948576677,0.003767343563355692,0.0019260753920939191,0.0021098981744794056,0.0025697503671071953,0.0030300247911119274,0.0023857588548357495,0.001650467632495874,0.0026617714547957777,0.0035829122645842904,0.0028458643165335537,0.0022018348623853213,0.0029379360998898272,0.002753809436387002,0.004690517796376345,H
0.002017978352595854,0.005985818215305277,0.005707972749033327,0.0010997067448680353,0.006913079546501982,0.006078467489408731,0.009518528786618612,0.0031221303948576677,0.0025697503671071953,0.002017978352595854,0.007098736977966258,0.004782928623988227,0.0025697503671071953,0.004044117647058824,0.007842051849801641,0.003859584635177357,0.0032142529157865737,0.005985818215305277,0.0058005708498296655,0.003675119441381845,T
0.0025697503671071953,0.005615391696584737,0.006913079546501982,0.0014668133480014668,0.004875356452948211,0.006078467489408731,0.00979848400813459,0.002753809436387002,0.0030300247911119274,0.007098736977966258,0.003859584635177357,0.004321044405626551,0.005615391696584737,0.004505747126436781,0.008121077888519748,0.004690517796376345,0.0030300247911119274,0.007656120284106632,0.01364015959914633,0.009891836923361376,R
0.0022018348623853213,0.004321044405626551,0.00533775078225658,0.0010997067448680353,0.006171133830708299,0.006449235304956698,0.008214120904476234,0.002017978352595854,0.0023857588548357495,0.004782928623988227,0.004321044405626551,0.00155863207114697,0.003859584635177357,0.0033063923585598823,0.006263817243920413,0.003767343563355692,0.0034907220282932206,0.0042287185144328,0.0042287185144328,0.004505747126436781,P
0.001007972143315312,0.0035829122645842904,0.003859584635177357,0.000916254352208173,0.004044117647058824,0.004321044405626551,0.005707972749033327,0.0017423200366804218,0.001650467632495874,0.0025697503671071953,0.005615391696584737,0.003859584635177357,0.0014668133480014668,0.0031221303948576677,0.005707972749033327,0.0028458643165335537,0.0032142529157865737,0.004321044405626551,0.003951842661520081,0.0028458643165335537,Q
0.0007328691828508611,0.0029379360998898272,0.003951842661520081,0.0008245533669262483,0.004044117647058824,0.0041364095964702636,0.006078467489408731,0.003398548727840544,0.0026617714547957777,0.004044117647058824,0.004505747126436781,0.0033063923585598823,0.0031221303948576677,0.00155863207114697,0.00533775078225658,0.0024777461686702764,0.0030300247911119274,0.004044117647058824,0.003398548727840544,0.003859584635177357,N
0.0032142529157865737,0.010358860525342212,0.007656120284106632,0.0022018348623853213,0.01223128243143069,0.01458159190117953,0.020076571108413484,0.004782928623988227,0.0035829122645842904,0.007842051849801641,0.008121077888519748,0.006263817243920413,0.005707972749033327,0.00533775078225658,0.007191591370090356,0.004967801287948482,0.004321044405626551,0.007563180225050729,0.005893186003683241,0.0030300247911119274,A
0.0010997067448680353,0.0030300247911119274,0.004598123965422108,0.0012832263978001834,0.004598123965422108,0.004044117647058824,0.005893186003683241,0.0024777461686702764,0.0028458643165335537,0.003859584635177357,0.004690517796376345,0.003767343563355692,0.0028458643165335537,0.0024777461686702764,0.004967801287948482,0.001834189288334556,0.0022018348623853213,0.004690517796376345,0.0034907220282932206,0.0030300247911119274,S
0.0007328691828508611,0.0041364095964702636,0.005430280717901519,0.000916254352208173,0.004413387274733358,0.0042287185144328,0.007284462886122637,0.0025697503671071953,0.0022018348623853213,0.0032142529157865737,0.0030300247911119274,0.0034907220282932206,0.0032142529157865737,0.0030300247911119274,0.004321044405626551,0.0022018348623853213,0.001834189288334556,0.0034907220282932206,0.008586464777028898,0.007842051849801641,K
0.0022018348623853213,0.007098736977966258,0.006541969962222427,0.0017423200366804218,0.005615391696584737,0.008865903213889916,0.009425244871557938,0.003398548727840544,0.0029379360998898272,0.005985818215305277,0.007656120284106632,0.0042287185144328,0.004321044405626551,0.004044117647058824,0.007563180225050729,0.004690517796376345,0.0034907220282932206,0.0032142529157865737,0.003675119441381845,0.004505747126436781,G
0.00155863207114697,0.004413387274733358,0.006634721710283818,0.0003663003663003663,0.0042287185144328,0.004967801287948482,0.009052281544430076,0.002017978352595854,0.002753809436387002,0.0058005708498296655,0.01364015959914633,0.0042287185144328,0.003951842661520081,0.003398548727840544,0.005893186003683241,0.0034907220282932206,0.008586464777028898,0.003675119441381845,0.000916254352208173,0.003859584635177357,E
0.0021098981744794056,0.0030300247911119274,0.005615391696584737,0.0003663003663003663,0.003767343563355692,0.004044117647058824,0.004875356452948211,0.00155863207114697,0.004690517796376345,0.003675119441381845,0.009891836923361376,0.004505747126436781,0.0028458643165335537,0.003859584635177357,0.0030300247911119274,0.0030300247911119274,0.007842051849801641,0.004505747126436781,0.003859584635177357,0.0010997067448680353,D
