W,F,Y,C,I,V,L,M,H,T,R,P,Q,N,A,S,K,G,E,D,AA
0.0008280042909882099,0.00342728683595527,0.002292662301455613,0.000670624260789167,0.0037230910934281623,0.00400297491612483,0.007536704551275457,0.0018167582903277405,0.0011269101000001263,0.0022597394940642884,0.0027010003939222224,0.002400309652159373,0.0017505557035748123,0.0013303523119604648,0.0035999239280453768,0.0019812484475449105,0.0013830164569281047,0.0022660706352030558,0.001855134496198595,0.0014875185203419735,W
0.00342728683595527,0.0048125942285177975,0.005869179054549512,0.0018340483048839061,0.011688520917721263,0.011962108014863236,0.020666124307237323,0.00519666575437814,0.002356403626882122,0.005447637829039226,0.005112611756557581,0.0042037744096762334,0.0032344097697469504,0.002965520816169316,0.009543677414456218,0.004596709448285119,0.0027880316462869713,0.005658789208411787,0.0034040192217047755,0.0029038150761561427,F
0.002292662301455613,0.005869179054549512,0.002271135605704244,0.001152177927568854,0.007165760419933112,0.007558458030533562,0.01201159317744229,0.003224260399177685,0.002477154452538757,0.004442805057209503,0.005302389982694263,0.004279624648815064,0.0031980421423299468,0.003014975417456514,0.006600489771059521,0.0039953512015372256,0.0031794364688064953,0.004671346737529075,0.004003822002670339,0.003738330369885522,Y
0.000670624260789167,0.0018340483048839061,0.001152177927568854,0.000777923457377784,0.00249911227387204,0.0026701628470727212,0.00396528101187222,0.00103553543743591,0.0007610906892117707,0.001327824572327732,0.0013076031146870587,0.001053640612230391,0.0007480456833475108,0.0007573033944095788,0.002156764163186453,0.0011281734610864285,0.0007413129101556504,0.001440742723071071,0.0008271625548936105,0.000706808869379114,C
0.0037230910934281623,0.011688520917721263,0.007165760419933112,0.00249911227387204,0.00984738421431384,0.019744684205880814,0.03151885314750782,0.00664945194152069,0.002828595060892956,0.007744894005762834,0.006564303401841016,0.004833381745962049,0.004197842471836819,0.00343194048829683,0.014057622062026013,0.0056940605560699105,0.003861531511657776,0.0069002980962623315,0.004467392676008307,0.0036050023888570047,I
0.00400297491612483,0.011962108014863236,0.007558458030533562,0.0026701628470727212,0.019744684205880814,0.011174010356565645,0.03205651910711467,0.006768684101989234,0.0032411761308812972,0.008906872293569425,0.007575520240194879,0.005429373366160793,0.004909327130418701,0.004133866739122547,0.01608634600992103,0.006605172903099741,0.0045852603907031875,0.008221750019486836,0.005274789143598616,0.004378374249504453,V
0.007536704551275457,0.020666124307237323,0.01201159317744229,0.00396528101187222,0.03151885314750782,0.03205651910711467,0.028560562515936368,0.011148234126512065,0.004789262325257786,0.01204257765591566,0.01199007729471064,0.00855927972885585,0.0074386122943460534,0.005612047860855692,0.0231487591616802,0.009141301135465017,0.006005235506932418,0.010874228138774892,0.007300888888512676,0.005619696147677164,L
0.0018167582903277405,0.00519666575437814,0.003224260399177685,0.00103553543743591,0.00664945194152069,0.006768684101989234,0.011148234126512065,0.0015077472455103176,0.001377539127749293,0.003314766202116004,0.002988345410755262,0.0024729319048652017,0.001932739324362156,0.001765735141412445,0.00555596397876312,0.00273268478063948,0.0016696064703458616,0.003389636145326012,0.0021137233700329605,0.0018703171035721246,M
0.0011269101000001263,0.002356403626882122,0.002477154452538757,0.0007610906892117707,0.002828595060892956,0.0032411761308812972,0.004789262325257786,0.001377539127749293,0.0009934329121547905,0.0025954002312732877,0.002819298988532772,0.0018715823416248164,0.0017530855779352818,0.0017294739141542855,0.0028467651545158053,0.0024256418010653617,0.001510275893614971,0.0025557003238119067,0.00281169323933775,0.002767751169521283,H
0.0022597394940642884,0.005447637829039226,0.004442805057209503,0.001327824572327732,0.007744894005762834,0.008906872293569425,0.01204257765591566,0.003314766202116004,0.0025954002312732877,0.0029786236971682005,0.005628619296010614,0.0037446802049852872,0.003866612620417756,0.003812416778682858,0.007382750893743751,0.004913994539630745,0.0034078265756507567,0.005719134464313936,0.004166065426720032,0.0040593092846047465,T
0.0027010003939222224,0.005112611756557581,0.005302389982694263,0.0013076031146870587,0.006564303401841016,0.007575520240194879,0.01199007729471064,0.002988345410755262,0.002819298988532772,0.005628619296010614,0.003257669518532632,0.004741329269296611,0.0047277561374498315,0.004228774060593581,0.006935230565107904,0.005408985912303796,0.0029693248431264304,0.006152387966126989,0.010225023526170822,0.009092096270052728,R
0.002400309652159373,0.0042037744096762334,0.004279624648815064,0.001053640612230391,0.004833381745962049,0.005429373366160793,0.00855927972885585,0.0024729319048652017,0.0018715823416248164,0.0037446802049852872,0.004741329269296611,0.0016240782756067988,0.002981159778195644,0.0025768169044580996,0.005148269311500279,0.003329993082012093,0.0020689986198255037,0.0041516604954314855,0.002899588933439243,0.0026997330601019223,P
0.0017505557035748123,0.0032344097697469504,0.0031980421423299468,0.0007480456833475108,0.004197842471836819,0.004909327130418701,0.0074386122943460534,0.001932739324362156,0.0017530855779352818,0.003866612620417756,0.0047277561374498315,0.002981159778195644,0.0015709672790198647,0.002747471513047435,0.004352943311300646,0.0033189958446155163,0.0024855996546023188,0.0036710270567978103,0.002989613474247771,0.002841271800956754,Q
0.0013303523119604648,0.002965520816169316,0.003014975417456514,0.0007573033944095788,0.00343194048829683,0.004133866739122547,0.005612047860855692,0.001765735141412445,0.0017294739141542855,0.003812416778682858,0.004228774060593581,0.0025768169044580996,0.002747471513047435,0.0017341118316935033,0.003944529396256262,0.0036405530536915156,0.0024336639151410285,0.004038553781783098,0.0028793039441786694,0.003259784094631115,N
0.0035999239280453768,0.009543677414456218,0.006600489771059521,0.002156764163186453,0.014057622062026013,0.01608634600992103,0.0231487591616802,0.00555596397876312,0.0028467651545158053,0.007382750893743751,0.006935230565107904,0.005148269311500279,0.004352943311300646,0.003944529396256262,0.0066434910748311635,0.006040105897356666,0.003732403929609814,0.007860544572023372,0.0043457381129419275,0.003954269843693712,A
0.0019812484475449105,0.004596709448285119,0.0039953512015372256,0.0011281734610864285,0.0056940605560699105,0.006605172903099741,0.009141301135465017,0.00273268478063948,0.0024256418010653617,0.004913994539630745,0.005408985912303796,0.003329993082012093,0.0033189958446155163,0.0036405530536915156,0.006040105897356666,0.0023112350957343224,0.002943965208450099,0.005137232178906096,0.0038513694484455965,0.0039148857191667425,S
0.0013830164569281047,0.0027880316462869713,0.0031794364688064953,0.0007413129101556504,0.003861531511657776,0.0045852603907031875,0.006005235506932418,0.0016696064703458616,0.001510275893614971,0.0034078265756507567,0.0029693248431264304,0.0020689986198255037,0.0024855996546023188,0.0024336639151410285,0.003732403929609814,0.002943965208450099,0.0009210248525308838,0.0034801717907916693,0.0056256448956378225,0.005406437538706426,K
0.0022660706352030558,0.005658789208411787,0.004671346737529075,0.001440742723071071,0.0069002980962623315,0.008221750019486836,0.010874228138774892,0.003389636145326012,0.0025557003238119067,0.005719134464313936,0.006152387966126989,0.0041516604954314855,0.0036710270567978103,0.004038553781783098,0.007860544572023372,0.005137232178906096,0.0034801717907916693,0.00402499963086944,0.0037497601309105324,0.004194452824536347,G
0.001855134496198595,0.0034040192217047755,0.004003822002670339,0.0008271625548936105,0.004467392676008307,0.005274789143598616,0.007300888888512676,0.0021137233700329605,0.00281169323933775,0.004166065426720032,0.010225023526170822,0.002899588933439243,0.002989613474247771,0.0028793039441786694,0.0043457381129419275,0.0038513694484455965,0.0056256448956378225,0.0037497601309105324,0.0011222778032968382,0.002132711499504613,E
0.0014875185203419735,0.0029038150761561427,0.003738330369885522,0.000706808869379114,0.0036050023888570047,0.004378374249504453,0.005619696147677164,0.0018703171035721246,0.002767751169521283,0.0040593092846047465,0.009092096270052728,0.0026997330601019223,0.002841271800956754,0.003259784094631115,0.003954269843693712,0.0039148857191667425,0.005406437538706426,0.004194452824536347,0.002132711499504613,0.001187976200091538,D
