W,F,Y,C,I,V,L,M,H,T,R,P,Q,N,A,S,K,G,E,D,AA
0.0005640157924421884,0.0036775106082036777,0.002826455624646693,0.0005640157924421884,0.003961516694963215,0.002543091268719977,0.0036775106082036777,0.0022598870056497176,0.0014112334180073384,0.002826455624646693,0.002826455624646693,0.0016939582156973462,0.0014112334180073384,0.0022598870056497176,0.002826455624646693,0.001128668171557562,0.0014112334180073384,0.001976842699802316,0.0014112334180073384,0.000846262341325811,W
0.0036775106082036777,0.001128668171557562,0.003961516694963215,0.000281928390188892,0.009675583380762664,0.011402508551881414,0.018369690011481057,0.005954068613552594,0.0016939582156973462,0.006524822695035461,0.0073821692220329355,0.00709622480840193,0.0031099802092168505,0.0022598870056497176,0.009675583380762664,0.004530011325028313,0.002826455624646693,0.004530011325028313,0.004530011325028313,0.0031099802092168505,F
0.002826455624646693,0.003961516694963215,0.0014112334180073384,0.0005640157924421884,0.0073821692220329355,0.007954545454545454,0.00709622480840193,0.003961516694963215,0.000846262341325811,0.0031099802092168505,0.007954545454545454,0.005668934240362812,0.002543091268719977,0.001976842699802316,0.0042456835550523635,0.0016939582156973462,0.003393665158371041,0.005668934240362812,0.005668934240362812,0.006239364719228588,Y
0.0005640157924421884,0.000281928390188892,0.0005640157924421884,0.0,0.001128668171557562,0.0031099802092168505,0.001976842699802316,0.0005640157924421884,0.0,0.0005640157924421884,0.0016939582156973462,0.000846262341325811,0.000281928390188892,0.0005640157924421884,0.0014112334180073384,0.000846262341325811,0.0014112334180073384,0.001128668171557562,0.0005640157924421884,0.0005640157924421884,C
0.003961516694963215,0.009675583380762664,0.0073821692220329355,0.001128668171557562,0.009388335704125178,0.0166189111747851,0.030197444831591175,0.004814500141602946,0.002543091268719977,0.00681044267877412,0.008240977550440466,0.005383961462170587,0.0036775106082036777,0.0036775106082036777,0.011114277571957822,0.0042456835550523635,0.006239364719228588,0.003393665158371041,0.003961516694963215,0.0022598870056497176,I
0.002543091268719977,0.011402508551881414,0.007954545454545454,0.0031099802092168505,0.0166189111747851,0.009675583380762664,0.031395348837209305,0.010538308174309313,0.0050991501416430595,0.006524822695035461,0.010538308174309313,0.006524822695035461,0.003961516694963215,0.002826455624646693,0.011690903906472769,0.004530011325028313,0.005668934240362812,0.007668276057938086,0.006239364719228588,0.003393665158371041,V
0.0036775106082036777,0.018369690011481057,0.00709622480840193,0.001976842699802316,0.030197444831591175,0.031395348837209305,0.018954623779437105,0.007954545454545454,0.008240977550440466,0.01284613188695404,0.01342473578977435,0.0073821692220329355,0.004530011325028313,0.006524822695035461,0.019833285426846797,0.005668934240362812,0.007954545454545454,0.011402508551881414,0.005668934240362812,0.006524822695035461,L
0.0022598870056497176,0.005954068613552594,0.003961516694963215,0.0005640157924421884,0.004814500141602946,0.010538308174309313,0.007954545454545454,0.0022598870056497176,0.002826455624646693,0.0036775106082036777,0.0073821692220329355,0.005383961462170587,0.0014112334180073384,0.0036775106082036777,0.004814500141602946,0.0022598870056497176,0.002543091268719977,0.003961516694963215,0.002543091268719977,0.0016939582156973462,M
0.0014112334180073384,0.0016939582156973462,0.000846262341325811,0.0,0.002543091268719977,0.0050991501416430595,0.008240977550440466,0.002826455624646693,0.0005640157924421884,0.003961516694963215,0.0036775106082036777,0.003393665158371041,0.0016939582156973462,0.003961516694963215,0.002543091268719977,0.0016939582156973462,0.002543091268719977,0.002826455624646693,0.003393665158371041,0.0031099802092168505,H
0.002826455624646693,0.006524822695035461,0.0031099802092168505,0.0005640157924421884,0.00681044267877412,0.006524822695035461,0.01284613188695404,0.0036775106082036777,0.003961516694963215,0.0022598870056497176,0.008240977550440466,0.0050991501416430595,0.0042456835550523635,0.0031099802092168505,0.005954068613552594,0.0022598870056497176,0.003393665158371041,0.0031099802092168505,0.004814500141602946,0.0031099802092168505,T
0.002826455624646693,0.0073821692220329355,0.007954545454545454,0.0016939582156973462,0.008240977550440466,0.010538308174309313,0.01342473578977435,0.0073821692220329355,0.0036775106082036777,0.008240977550440466,0.0036775106082036777,0.009388335704125178,0.0073821692220329355,0.007668276057938086,0.008814330395223202,0.005954068613552594,0.0050991501416430595,0.00709622480840193,0.020713463751438434,0.01284613188695404,R
0.0016939582156973462,0.00709622480840193,0.005668934240362812,0.000846262341325811,0.005383961462170587,0.006524822695035461,0.0073821692220329355,0.005383961462170587,0.003393665158371041,0.0050991501416430595,0.009388335704125178,0.0022598870056497176,0.002826455624646693,0.0022598870056497176,0.005668934240362812,0.002543091268719977,0.002543091268719977,0.003393665158371041,0.0031099802092168505,0.0014112334180073384,P
0.0014112334180073384,0.0031099802092168505,0.002543091268719977,0.000281928390188892,0.0036775106082036777,0.003961516694963215,0.004530011325028313,0.0014112334180073384,0.0016939582156973462,0.0042456835550523635,0.0073821692220329355,0.002826455624646693,0.001128668171557562,0.002543091268719977,0.0050991501416430595,0.003961516694963215,0.002543091268719977,0.002826455624646693,0.002826455624646693,0.004814500141602946,Q
0.0022598870056497176,0.0022598870056497176,0.001976842699802316,0.0005640157924421884,0.0036775106082036777,0.002826455624646693,0.006524822695035461,0.0036775106082036777,0.003961516694963215,0.0031099802092168505,0.007668276057938086,0.0022598870056497176,0.002543091268719977,0.0022598870056497176,0.004530011325028313,0.0036775106082036777,0.003961516694963215,0.0042456835550523635,0.002543091268719977,0.0031099802092168505,N
0.002826455624646693,0.009675583380762664,0.0042456835550523635,0.0014112334180073384,0.011114277571957822,0.011690903906472769,0.019833285426846797,0.004814500141602946,0.002543091268719977,0.005954068613552594,0.008814330395223202,0.005668934240362812,0.0050991501416430595,0.004530011325028313,0.005954068613552594,0.00681044267877412,0.005668934240362812,0.00709622480840193,0.00681044267877412,0.003393665158371041,A
0.001128668171557562,0.004530011325028313,0.0016939582156973462,0.000846262341325811,0.0042456835550523635,0.004530011325028313,0.005668934240362812,0.0022598870056497176,0.0016939582156973462,0.0022598870056497176,0.005954068613552594,0.002543091268719977,0.003961516694963215,0.0036775106082036777,0.00681044267877412,0.0005640157924421884,0.003961516694963215,0.0022598870056497176,0.004814500141602946,0.003961516694963215,S
0.0014112334180073384,0.002826455624646693,0.003393665158371041,0.0014112334180073384,0.006239364719228588,0.005668934240362812,0.007954545454545454,0.002543091268719977,0.002543091268719977,0.003393665158371041,0.0050991501416430595,0.002543091268719977,0.002543091268719977,0.003961516694963215,0.005668934240362812,0.003961516694963215,0.0016939582156973462,0.005668934240362812,0.009101251422070534,0.008814330395223202,K
0.001976842699802316,0.004530011325028313,0.005668934240362812,0.001128668171557562,0.003393665158371041,0.007668276057938086,0.011402508551881414,0.003961516694963215,0.002826455624646693,0.0031099802092168505,0.00709622480840193,0.003393665158371041,0.002826455624646693,0.0042456835550523635,0.00709622480840193,0.0022598870056497176,0.005668934240362812,0.0016939582156973462,0.003393665158371041,0.0036775106082036777,G
0.0014112334180073384,0.004530011325028313,0.005668934240362812,0.0005640157924421884,0.003961516694963215,0.006239364719228588,0.005668934240362812,0.002543091268719977,0.003393665158371041,0.004814500141602946,0.020713463751438434,0.0031099802092168505,0.002826455624646693,0.002543091268719977,0.00681044267877412,0.004814500141602946,0.009101251422070534,0.003393665158371041,0.0016939582156973462,0.0031099802092168505,E
0.000846262341325811,0.0031099802092168505,0.006239364719228588,0.0005640157924421884,0.0022598870056497176,0.003393665158371041,0.006524822695035461,0.0016939582156973462,0.0031099802092168505,0.0031099802092168505,0.01284613188695404,0.0014112334180073384,0.004814500141602946,0.0031099802092168505,0.003393665158371041,0.003961516694963215,0.008814330395223202,0.0036775106082036777,0.0031099802092168505,0.0005640157924421884,D
