W,F,Y,C,I,V,L,M,H,T,R,P,Q,N,A,S,K,G,E,D,AA
1.461933119560238,0.6237340052368954,1.0068667951895713,0.8118875354885977,0.5325985820435871,1.046667686502473,0.9241438271474094,0.6490649064906491,0.7792521994134898,0.7139607411484131,0.9091776798825256,1.299816513761468,0.7142490607532301,0.324294613411506,1.1372026816052898,0.9743401759530793,0.5193111029681202,1.113813892529489,1.104446685614743,2.4931963428431643,W
0.6237340052368954,6.042764976958526,2.4969822633685075,4.226102098799377,1.264139013648454,0.9822919559381653,1.1812102506546949,1.0675922879515694,2.441860465116279,0.9173917047370044,0.7606695982835171,0.6089215776408935,1.1520691527122395,1.3000367242012485,1.0706187025309568,0.6688779726379579,1.4634617152311793,1.5670461878860513,0.9742552408973887,0.9742906987420806,F
1.0068667951895713,2.4969822633685075,2.6695396489938434,1.9497800586510263,0.9993473881338139,0.9624836928591196,1.9486849187935036,0.9277051504173885,4.778799019607844,1.835372692120989,0.8690728572745349,0.9415792379900608,1.5176744470991852,1.9990678377775148,1.803271530916582,2.7144258475875174,1.6001227182083142,1.1540035013360361,1.1703649096940656,0.8999941419162628,Y
0.8118875354885977,4.226102098799377,1.9497800586510263,inf,1.9508256880733947,0.6784281675576053,1.3930341734637677,1.6245189664650905,inf,1.9497800586510263,0.8659088131035325,1.2994868035190617,3.24995418728239,1.461933119560238,1.5602201834862386,1.5163458600672166,0.6492578339747114,1.5436955524988538,0.6494505494505494,0.6494505494505494,C
0.5325985820435871,1.264139013648454,0.9993473881338139,1.9508256880733947,0.7956955891106956,0.9853316735751961,0.8775172393853093,1.4937358310464144,1.1914730817494568,1.0150705134113742,0.5915992882043019,1.146206909924715,1.0996889140271493,1.0996889140271493,1.1005017962023151,1.0830114646557538,0.7073456150322646,1.6546687532603024,1.0674493735718227,1.6670495267848937,I
1.046667686502473,0.9822919559381653,0.9624836928591196,0.6784281675576053,0.9853316735751961,0.8297227906572797,0.739908135936611,0.5592155691603206,0.6122844607693093,0.9315912130506859,0.5767972798733528,0.9884154108683635,1.0907550663917307,1.4634617152311793,1.247259580425283,0.8927389705882354,0.745945945945946,1.156179452448385,0.7962030609684703,1.1916666666666667,V
0.9241438271474094,1.1812102506546949,1.9486849187935036,1.3930341734637677,0.8775172393853093,0.739908135936611,1.2255412877368665,1.114570689746161,0.4571476551534028,0.7409645853227778,0.729882819414451,1.1126974548294344,1.2600349843491068,0.9315912130506859,1.0122665345821813,1.0395580110497238,0.9157610485411316,0.8265939752356312,1.5968224644374656,0.7472013694192366,L
0.6490649064906491,1.0675922879515694,0.9277051504173885,1.6245189664650905,1.4937358310464144,0.5592155691603206,1.114570689746161,0.7709766162310866,0.6814454737228286,0.848979303524758,0.3730352628828854,0.3748129266479352,1.234607977991747,0.9241438271474094,0.9934424100766135,1.0964026796365973,1.0104829499102628,0.8578908002991773,0.793513932204081,0.9201124660004278,M
0.7792521994134898,2.441860465116279,4.778799019607844,inf,1.1914730817494568,0.6122844607693093,0.4571476551534028,0.6814454737228286,3.7408494633519855,0.6486784140969163,0.8239336643523587,0.7030036092249342,0.9743260590500642,0.6719071658034484,1.4088807227070894,1.6800085681936412,0.865810397553517,1.0394417921410208,0.8114558472553699,1.5082146768893756,H
0.7139607411484131,0.9173917047370044,1.835372692120989,1.9497800586510263,1.0150705134113742,0.9315912130506859,0.7409645853227778,0.848979303524758,0.6486784140969163,0.8929554210236654,0.861395014671147,0.937985446815469,0.6052618697993147,1.3003676470588237,1.317091279726209,1.7078662010659804,0.9471331925184436,1.9247126388667966,1.2048126865146205,1.1817179512879623,T
0.9091776798825256,0.7606695982835171,0.8690728572745349,0.8659088131035325,0.5915992882043019,0.5767972798733528,0.729882819414451,0.3730352628828854,0.8239336643523587,0.861395014671147,1.0495101296424583,0.4602566995690099,0.7606695982835171,0.5875828011919966,0.9213493849652888,0.7877836318009224,0.5942215284791724,1.0789004704363065,0.658516593981009,0.7700245498341088,R
1.299816513761468,0.6089215776408935,0.9415792379900608,1.2994868035190617,1.146206909924715,0.9884154108683635,1.1126974548294344,0.3748129266479352,0.7030036092249342,0.937985446815469,0.4602566995690099,0.6896946914825342,1.3655210439257488,1.4630786186627478,1.1049373618275609,1.4814032078573107,1.372629473125523,1.246062388919532,1.359725216868074,3.192772413793103,P
0.7142490607532301,1.1520691527122395,1.5176744470991852,3.24995418728239,1.0996889140271493,1.0907550663917307,1.2600349843491068,1.234607977991747,0.9743260590500642,0.6052618697993147,0.7606695982835171,1.3655210439257488,1.2995966263292997,1.2276910519334763,1.119396878004869,0.7183774639021128,1.2639156743298539,1.5287855107106736,1.3981619336458044,0.5911027589223516,Q
0.324294613411506,1.3000367242012485,1.9990678377775148,1.461933119560238,1.0996889140271493,1.4634617152311793,0.9315912130506859,0.9241438271474094,0.6719071658034484,1.3003676470588237,0.5875828011919966,1.4630786186627478,1.2276910519334763,0.6896946914825342,1.17830848518314,0.6737563620191866,0.7648648294135394,0.9525245098039217,1.3363848830919651,1.2410318958747555,N
1.1372026816052898,1.0706187025309568,1.803271530916582,1.5602201834862386,1.1005017962023151,1.247259580425283,1.0122665345821813,0.9934424100766135,1.4088807227070894,1.317091279726209,0.9213493849652888,1.1049373618275609,1.119396878004869,1.17830848518314,1.2078448934432708,0.7294388224471021,0.7622322331525236,1.0658033573141488,0.865316144874156,0.8928473051143145,A
0.9743401759530793,0.6688779726379579,2.7144258475875174,1.5163458600672166,1.0830114646557538,0.8927389705882354,1.0395580110497238,1.0964026796365973,1.6800085681936412,1.7078662010659804,0.7877836318009224,1.4814032078573107,0.7183774639021128,0.6737563620191866,0.7294388224471021,3.2520176082171677,0.5558060288335518,2.0755541248965326,0.7250434989354918,0.7648648294135394,S
0.5193111029681202,1.4634617152311793,1.6001227182083142,0.6492578339747114,0.7073456150322646,0.745945945945946,0.9157610485411316,1.0104829499102628,0.865810397553517,0.9471331925184436,0.5942215284791724,1.372629473125523,1.2639156743298539,0.7648648294135394,0.7622322331525236,0.5558060288335518,1.082783076546833,0.6157633657909242,0.9434378173760503,0.8896934308307217,K
1.113813892529489,1.5670461878860513,1.1540035013360361,1.5436955524988538,1.6546687532603024,1.156179452448385,0.8265939752356312,0.8578908002991773,1.0394417921410208,1.9247126388667966,1.0789004704363065,1.246062388919532,1.5287855107106736,0.9525245098039217,1.0658033573141488,2.0755541248965326,0.6157633657909242,1.8974806379526739,1.0829351953938502,1.2252166224580017,G
1.104446685614743,0.9742552408973887,1.1703649096940656,0.6494505494505494,1.0674493735718227,0.7962030609684703,1.5968224644374656,0.793513932204081,0.8114558472553699,1.2048126865146205,0.658516593981009,1.359725216868074,1.3981619336458044,1.3363848830919651,0.865316144874156,0.7250434989354918,0.9434378173760503,1.0829351953938502,0.5408954859202247,1.2410318958747555,E
2.4931963428431643,0.9742906987420806,0.8999941419162628,0.6494505494505494,1.6670495267848937,1.1916666666666667,0.7472013694192366,0.9201124660004278,1.5082146768893756,1.1817179512879623,0.7700245498341088,3.192772413793103,0.5911027589223516,1.2410318958747555,0.8928473051143145,0.7648648294135394,0.8896934308307217,1.2252166224580017,1.2410318958747555,1.9497800586510263,D
