W|F|Y|C|I|V|L|M|H|T|R|P|Q|N|A|S|K|G|E|D|AA
50.66644455940661|0.15144672741600265|-2.8448756103283204|0.15144672741600265|15.448192748270353|28.78212061174349|6.846125690477321|-5.400286057567135|8.069571332178487|-14.654806818127767|-2.2844878585284714|22.682374900002287|4.290715243238502|0.15144672741600265|19.184616544445156|20.563444993008485|-2.8448756103283115|8.069571332178487|14.764250295239803|53.299338431641516|W
0.15144672741600265|85.07290734832492|49.56690612926028|16.784588904068507|15.238893797685979|12.645320388245995|15.479743384013464|6.33216172523621|4.290715243238507|19.649107049021502|-4.96380551732213|-23.505753916290267|11.545781958099672|20.563444993008485|8.069571332178487|-2.4039637198228117|48.43880508829138|17.982718632379928|10.417680917130772|13.184823576916616|F
-2.8448756103283204|49.56690612926028|39.362493228547386|25.678697237746604|-15.338749271158317|1.8547806572940357|16.925365196507546|-25.029750571963955|24.03965561892968|41.64878152449779|-5.0583201317534074|-17.064649815308876|-14.461356840407799|20.563444993008485|5.950641425184678|69.4654927949455|-3.2343799986807356|4.727195783483514|4.290715243238507|-7.420624666395829|Y
0.15144672741600265|16.784588904068507|25.678697237746604|inf|11.545781958099672|-9.539554573389635|62.47637576720605|44.86724986163792|inf|-4.424302328651513|-39.642554139787755|60.357445860212245|38.17257089857661|8.069571332178487|27.258123956069806|-29.951552838982114|-4.424302328651513|-20.01308962539094|-39.642554139787755|-57.25168004535587|C
15.448192748270353|15.238893797685979|-15.338749271158317|11.545781958099672|-0.6454462397115309|-8.255832102872423|-3.8168875574321905|20.563444993008485|2.954319087440356|0.5631033468992203|-21.50054488371294|1.374892369117168|10.417680917130772|3.3699150645561247|18.860111063130446|-3.7403598756209604|-16.234233536450958|8.069571332178487|11.172994706175361|28.280040474238405|I
28.78212061174349|12.645320388245995|1.8547806572940357|-9.539554573389635|-8.255832102872423|7.374685336645706|1.0495766293449806|-17.7930433789109|-1.6214299686271545|-19.47801778698082|-18.67256813611163|-6.5432322356453145|-13.015765199310827|-11.011880255460275|2.821709982301055|-21.190111480533357|-24.152358141213444|-4.747199341671354|-8.280641842587592|-7.900512954572703|V
6.846125690477321|15.479743384013464|16.925365196507546|62.47637576720605|-3.8168875574321905|1.0495766293449806|0.7082421513102322|26.868619567717385|-1.4090606056416022|-8.243056856952872|-15.187690168634466|1.4675913332130937|3.2391033747229847|-15.609338608750805|3.493822276110972|-4.654697819607937|-9.539554573389635|-5.867273870915654|28.0268068226989|-9.539554573389635|L
-5.400286057567135|6.33216172523621|-25.029750571963955|44.86724986163792|20.563444993008485|-17.7930433789109|26.868619567717385|-9.539554573389635|-9.539554573389635|15.641642725990321|-50.28808723121644|-31.210465569784162|-17.457679178152116|8.069571332178487|-1.6214299686271545|2.954319087440367|-6.5432322356453145|-22.03342823421963|5.073248994434164|-9.539554573389635|M
8.069571332178487|4.290715243238507|24.03965561892968|inf|2.954319087440356|-1.6214299686271545|-1.4090606056416022|-9.539554573389635|44.86724986163792|-19.23055587419527|-36.424085802647625|-13.67882308921214|-6.906660701154725|-19.685318649267348|-0.6454462397115309|10.089909941007182|-16.597662001960362|-36.64623180204343|-0.6454462397115309|-13.814752615484627|H
-14.654806818127767|19.649107049021502|41.64878152449779|-4.424302328651513|0.5631033468992203|-19.47801778698082|-8.243056856952872|15.641642725990321|-19.23055587419527|-24.152358141213437|-13.490408701756998|0.7266796163251283|0.15144672741600265|-5.400286057567135|29.524522419664184|33.82600152046757|-12.17244844562455|11.28803966931861|-5.64774797035268|19.33999935130731|T
-2.2844878585284714|-4.96380551732213|-5.0583201317534074|-39.642554139787755|-21.50054488371294|-18.67256813611163|-15.187690168634466|-50.28808723121644|-36.424085802647625|-13.490408701756998|-10.918383021952966|-8.20315841759149|3.5883368905422555|-22.033428234219638|3.627657353337202|-5.400286057567135|-22.03342823421963|-10.453892517376616|-15.951304534564528|-11.608014459374747|R
22.682374900002287|-23.505753916290267|-17.064649815308876|60.357445860212245|1.374892369117168|-6.5432322356453145|1.4675913332130937|-31.210465569784162|-13.67882308921214|0.7266796163251283|-8.20315841759149|-30.92753656789775|4.727195783483514|27.258123956069806|8.069571332178487|6.733175176380339|17.344976655868354|-2.076192743699226|-4.424302328651504|20.563444993008485|P
4.290715243238502|11.545781958099672|-14.461356840407799|38.17257089857661|10.417680917130772|-13.015765199310827|3.2391033747229847|-17.457679178152116|-6.906660701154725|0.15144672741600265|3.5883368905422555|4.727195783483514|20.563444993008485|17.344976655868354|4.85110299503836|-24.152358141213437|0.15144672741600265|-9.539554573389642|4.727195783483514|13.184823576916616|Q
0.15144672741600265|20.563444993008485|20.563444993008485|8.069571332178487|3.3699150645561247|-11.011880255460275|-15.609338608750805|8.069571332178487|-19.685318649267348|-5.400286057567135|-22.033428234219638|27.258123956069806|17.344976655868354|-1.6214299686271545|3.7230019540694506|1.1059785180390425|-26.37999761232867|-0.5218915384808316|28.78212061174349|-9.539554573389642|N
19.184616544445156|8.069571332178487|5.950641425184678|27.258123956069806|18.860111063130446|2.821709982301055|3.493822276110972|-1.6214299686271545|-0.6454462397115309|29.524522419664184|3.627657353337202|8.069571332178487|4.85110299503836|3.7230019540694506|14.069364299707022|-15.044311206480184|-7.057196200886424|-1.2058339915113845|-18.814959897079508|-12.535876911133965|A
20.563444993008485|-2.4039637198228117|69.4654927949455|-29.951552838982114|-3.7403598756209604|-21.190111480533357|-4.654697819607937|2.954319087440367|10.089909941007182|33.82600152046757|-5.400286057567135|6.733175176380339|-24.152358141213437|1.1059785180390425|-15.044311206480184|17.76057263298413|-11.242888503267672|-2.8448756103283115|-11.011880255460275|0.15144672741600265|S
-2.8448756103283115|48.43880508829138|-3.2343799986807356|-4.424302328651513|-16.234233536450958|-24.152358141213444|-9.539554573389635|-6.5432322356453145|-16.597662001960362|-12.17244844562455|-22.03342823421963|17.344976655868354|0.15144672741600265|-26.37999761232867|-7.057196200886424|-11.242888503267672|10.872443692202847|-22.728314229752414|4.082420128409264|-14.461356840407799|K
8.069571332178487|17.982718632379928|4.727195783483514|-20.01308962539094|8.069571332178487|-4.747199341671354|-5.867273870915654|-22.03342823421963|-36.64623180204343|11.28803966931861|-10.453892517376616|-2.076192743699226|-9.539554573389642|-0.5218915384808316|-1.2058339915113845|-2.8448756103283115|-22.728314229752414|-6.906660701154725|2.954319087440367|-18.082574105852274|G
14.764250295239803|10.417680917130772|4.290715243238507|-39.642554139787755|11.172994706175361|-8.280641842587592|28.0268068226989|5.073248994434164|-0.6454462397115309|-5.64774797035268|-15.951304534564528|-4.424302328651504|4.727195783483514|28.78212061174349|-18.814959897079508|-11.011880255460275|4.082420128409264|2.954319087440367|-12.342426933413993|1.8547806572940357|E
53.299338431641516|13.184823576916616|-7.420624666395829|-57.25168004535587|28.280040474238405|-7.900512954572703|-9.539554573389635|-9.539554573389635|-13.814752615484627|19.33999935130731|-11.608014459374747|20.563444993008485|13.184823576916616|-9.539554573389642|-12.535876911133965|0.15144672741600265|-14.461356840407799|-18.082574105852274|1.8547806572940357|-25.029750571963955|D
