W|F|Y|C|I|V|L|M|H|T|R|P|Q|N|A|S|K|G|E|D|AA
-12.548468427713386|7.246984519334995|-8.090171512923922|-2.225411714924145|-7.907947624829315|1.18664584352295|17.2219584103101|6.344443516111966|-29.466900314253643|1.5624344597980335|-11.083160870315083|-7.695803779745428|6.68215476828537|31.784967076989506|-7.362284415354611|23.028410096681217|17.503056143692937|-1.4946465842353167|1.0727148130040707|-12.156240592322145|W
7.246984519334995|-20.611149733778873|-25.204540885050157|6.614822276983645|-5.881981252847698|-0.6394957252866289|-3.542104478546631|-14.072675061451948|-24.019258205550152|-7.296707757896089|0.5568710698852762|3.86806757328835|-1.749286880358349|-8.682244624646733|-1.5194705049971131|-2.305328866668518|-21.96363030834715|-7.2980379162387194|-11.47395547981188|-8.402168000529867|F
-8.090171512923922|-25.204540885050157|-33.538528658478775|-6.541706119210203|-2.3521466980053174|-4.367061710424798|-7.299555379630385|4.595171261834499|-12.542928603968342|-19.627111955382084|-9.749832880354242|-4.007395487581611|-1.7914752336048823|-7.457230255022185|-6.812940073903341|-13.778421591185102|-15.929402752910645|-14.345359195803464|-20.993841064094653|-14.552315264542495|Y
-2.225411714924145|6.614822276983645|-6.541706119210203|17.530517066637813|13.033533750937151|10.364889938140871|12.020566455404333|2.4928778033070325|-22.77897291718964|4.391320266656047|35.47463762196942|-9.799646414666071|-4.766599470241573|-3.1900398552823805|4.036944447872649|19.429271859770413|-23.104288656961828|1.1273636791433472|50.85026917110464|44.36698027971005|C
-7.907947624829315|-5.881981252847698|-2.3521466980053174|13.033533750937151|10.744106724670484|15.312499543656596|12.109931643548148|-8.814220474996793|-4.606343022013832|3.184834572082769|9.070967573689353|1.4437311842856426|-7.490956627914103|-13.147276155004972|2.1198596925578936|8.708274894983576|-5.946488428747985|5.232636539069238|10.903705682642505|-17.25860628179279|I
1.18664584352295|-0.6394957252866289|-4.367061710424798|10.364889938140871|15.312499543656596|14.878634932487723|12.700049109182308|6.6594612896115875|5.371638055571307|28.85933986943916|9.65571034967216|-1.9336339470842956|19.20335246275592|5.195386615835706|6.112727762536988|24.355925156317404|12.0158913439094|-2.0710944034861143|10.265216946599951|13.471243873101804|V
17.2219584103101|-3.542104478546631|-7.299555379630385|12.020566455404333|12.109931643548148|12.700049109182308|9.17791476056533|1.471616870488505|-4.274040099085743|10.354890065153954|10.397928698342348|-2.226767804546302|4.199679993684072|3.421615859037804|2.150498539807353|10.816412758298918|-6.363869018803557|2.9187522199054117|1.3588095726781233|3.109455303386188|L
6.344443516111966|-14.072675061451948|4.595171261834499|2.4928778033070325|-8.814220474996793|6.6594612896115875|1.471616870488505|5.190104513154613|-8.102553394173945|-1.863497552251087|11.62137434004351|4.92345739389101|16.40140461547102|-20.666657806978144|4.661371181498981|5.156581201424224|-4.050057031474136|7.1616733827871135|8.058580281711539|-4.307446809931062|M
-29.466900314253643|-24.019258205550152|-12.542928603968342|-22.77897291718964|-4.606343022013832|5.371638055571307|-4.274040099085743|-8.102553394173945|-23.555614334316115|12.27692562752524|19.712149670956165|-10.343882210773781|-9.485823263733408|-13.720283661617982|-6.504555177517589|-8.482474445262776|-14.290287787229927|15.524817186586903|-6.208486211941387|-11.408715474017383|H
1.5624344597980335|-7.296707757896089|-19.627111955382084|4.391320266656047|3.184834572082769|28.85933986943916|10.354890065153954|-1.863497552251087|12.27692562752524|3.9272492061444826|2.044242639982753|-11.032445934978853|29.013453718443845|-4.208270132461604|-1.9062791680568765|-4.808870690427466|-5.149595461620458|1.5909245653070712|-0.19681420178409986|-3.6905768770898004|T
-11.083160870315083|0.5568710698852762|-9.749832880354242|35.47463762196942|9.070967573689353|9.65571034967216|10.397928698342348|11.62137434004351|19.712149670956165|2.044242639982753|-7.926742375860167|6.491107592756416|-12.140179675664|0.47253919447834164|-5.9217493519239035|7.172762224463685|8.29692359833743|1.6271624761909458|-5.822933727517299|-7.950591326814983|R
-7.695803779745428|3.86806757328835|-4.007395487581611|-9.799646414666071|1.4437311842856426|-1.9336339470842956|-2.226767804546302|4.92345739389101|-10.343882210773781|-11.032445934978853|6.491107592756416|8.558519761573443|-3.4229060871406447|-13.558137982006304|-5.2671861219038485|-11.53408978133153|-18.342123301737026|-6.135752233811544|-4.437822537794324|-13.771914069414548|P
6.68215476828537|-1.749286880358349|-1.7914752336048823|-4.766599470241573|-7.490956627914103|19.20335246275592|4.199679993684072|16.40140461547102|-9.485823263733408|29.013453718443845|-12.140179675664|-3.4229060871406447|-2.1951367411011664|-10.25550402125578|-4.318140896251285|5.911729786935741|-9.208760453614035|3.5020869114869444|-1.9536937387528577|-9.086418340458147|Q
31.784967076989506|-8.682244624646733|-7.457230255022185|-3.1900398552823805|-13.147276155004972|5.195386615835706|3.421615859037804|-20.666657806978144|-13.720283661617982|-4.208270132461604|0.47253919447834164|-13.558137982006304|-10.25550402125578|3.4714488515282036|-7.639664611371133|4.3121004043428055|1.738746603153613|-1.0379450377877333|-9.775408629827874|-0.07121847931232217|N
-7.362284415354611|-1.5194705049971131|-6.812940073903341|4.036944447872649|2.1198596925578936|6.112727762536988|2.150498539807353|4.661371181498981|-6.504555177517589|-1.9062791680568765|-5.9217493519239035|-5.2671861219038485|-4.318140896251285|-7.639664611371133|-9.18123208049341|5.767952235892255|-4.340556095814852|-3.415494286083255|-4.367061710424798|7.4266335825007666|A
23.028410096681217|-2.305328866668518|-13.778421591185102|19.429271859770413|8.708274894983576|24.355925156317404|10.816412758298918|5.156581201424224|-8.482474445262776|-4.808870690427466|7.172762224463685|-11.53408978133153|5.911729786935741|4.3121004043428055|5.767952235892255|-0.9716910994000032|-5.567060417012128|10.703522828788705|0.48592021756618364|6.129647710638265|S
17.503056143692937|-21.96363030834715|-15.929402752910645|-23.104288656961828|-5.946488428747985|12.0158913439094|-6.363869018803557|-4.050057031474136|-14.290287787229927|-5.149595461620458|8.29692359833743|-18.342123301737026|-9.208760453614035|1.738746603153613|-4.340556095814852|-5.567060417012128|-28.358797345098985|-2.1317253942401915|-7.045294731209628|-6.139938406467961|K
-1.4946465842353167|-7.2980379162387194|-14.345359195803464|1.1273636791433472|5.232636539069238|-2.0710944034861143|2.9187522199054117|7.1616733827871135|15.524817186586903|1.5909245653070712|1.6271624761909458|-6.135752233811544|3.5020869114869444|-1.0379450377877333|-3.415494286083255|10.703522828788705|-2.1317253942401915|22.350869862014207|0.4021373233626728|18.049592043856805|G
1.0727148130040707|-11.47395547981188|-20.993841064094653|50.85026917110464|10.903705682642505|10.265216946599951|1.3588095726781233|8.058580281711539|-6.208486211941387|-0.19681420178409986|-5.822933727517299|-4.437822537794324|-1.9536937387528577|-9.775408629827874|-4.367061710424798|0.48592021756618364|-7.045294731209628|0.4021373233626728|-13.938914930488561|-13.779037738452143|E
-12.156240592322145|-8.402168000529867|-14.552315264542495|44.36698027971005|-17.25860628179279|13.471243873101804|3.109455303386188|-4.307446809931062|-11.408715474017383|-3.6905768770898004|-7.950591326814983|-13.771914069414548|-9.086418340458147|-0.07121847931232217|7.4266335825007666|6.129647710638265|-6.139938406467961|18.049592043856805|-13.779037738452143|14.606686550161282|D
