W,F,Y,C,I,V,L,M,H,T,R,P,Q,N,A,S,K,G,E,D,AA
38.11797613169322,7.398431246750999,-10.93504712325224,-2.073964987508146,7.540245123441042,29.96876645526644,24.068084100787424,0.9441574585448324,-21.39732898207515,-13.092372358329731,-13.367648728843548,14.986571120256862,10.972870011523874,31.93641380440551,11.82233212909054,43.59185508968972,14.658180533364629,6.574924747943169,15.83696510824388,41.14309783931937,W
7.398431246750999,64.46175761454603,24.362365244210128,23.399411181052145,9.356912544838284,12.00582466295936,11.93763890546683,-7.740513336215738,-19.72854296231164,12.35239929112542,-4.4069344474368535,-19.63768634300192,9.796495077741325,11.881200368361746,6.550100827181379,-4.709292586491335,26.475174779944236,10.684680716141212,-1.0562745626811023,4.782655576386746,F
-10.93504712325224,24.362365244210128,5.823964570068615,19.136991118536407,-17.690895969163634,-2.51228105313076,9.625809816877153,-20.43457931012946,11.496727014961335,22.02166956911571,-14.808153012107653,-21.07204530289049,-16.25283207401268,13.106214737986305,-0.8622986487186556,55.6870712037604,-19.163782751591377,-9.618163412319952,-16.703125820856144,-21.972939930938324,Y
-2.073964987508146,23.399411181052145,19.136991118536407,inf,24.579315709036827,0.8253353647512366,74.49694222261039,47.36012766494496,inf,-0.032982061995464,-4.16791651781833,50.55779944554618,33.40597142833503,4.879531476896108,31.29506840394245,-10.5222809792117,-27.52859098561333,-18.885725946247597,11.207715031316887,-12.884699765645829,C
7.540245123441042,9.356912544838284,-17.690895969163634,24.579315709036827,10.098660484958954,7.056667440784175,8.293044086115955,11.749224518011689,-1.652023934573478,3.747937918981988,-12.429577310023594,2.818623553402809,2.926724289216676,-9.777361090448844,20.979970755688345,4.96791501936262,-22.180721965198945,13.302207871247726,22.076700388817866,11.021434192445616,I
29.96876645526644,12.00582466295936,-2.51228105313076,0.8253353647512366,7.056667440784175,22.253320269133425,13.74962573852729,-11.133582089299308,3.750208086944157,9.38132208245834,-9.01685778643946,-8.476866182729607,6.187587263445092,-5.816493639624571,8.934437744838043,3.1658136757840425,-12.136466797304044,-6.818293745157467,1.9845751040123596,5.570730918529101,V
24.068084100787424,11.93763890546683,9.625809816877153,74.49694222261039,8.293044086115955,13.74962573852729,9.886156911875569,28.34023643820589,-5.68310070472735,2.11183320820108,-4.78976147029212,-0.759176471333205,7.43878336840706,-12.187722749713,5.644320815918327,6.161714938690981,-15.903423592193192,-2.9485216510102346,29.385616395377028,-6.430099270003449,L
0.9441574585448324,-7.740513336215738,-20.43457931012946,47.36012766494496,11.749224518011689,-11.133582089299308,28.34023643820589,-4.349450060235022,-17.642107967563586,13.778145173739237,-38.66671289117293,-26.28700817589316,-1.0562745626811023,-12.59708647479966,3.0399412128718266,8.11090028886459,-10.59328926711946,-14.87175485143252,13.131829276145709,-13.847001383320697,M
-21.39732898207515,-19.72854296231164,11.496727014961335,inf,-1.652023934573478,3.750208086944157,-5.68310070472735,-17.642107967563586,21.31163552732181,-6.953630246670037,-16.711936131691463,-24.022705299985923,-16.39248396488813,-33.40560231088533,-7.150001417229124,1.607435495744404,-30.887949789190287,-21.121414615456537,-6.853932451652916,-25.22346808950201,H
-13.092372358329731,12.35239929112542,22.02166956911571,-0.032982061995464,3.747937918981988,9.38132208245834,2.11183320820108,13.778145173739237,-6.953630246670037,-20.225108935068956,-11.446166061774251,-10.305766318653722,29.164900445859853,-9.60855619002874,27.618243251607304,29.017130830040102,-17.32204390724501,12.878964234625684,-5.844562172136778,15.64942247421751,T
-13.367648728843548,-4.4069344474368535,-14.808153012107653,-4.16791651781833,-12.429577310023594,-9.01685778643946,-4.78976147029212,-38.66671289117293,-16.711936131691463,-11.446166061774251,-18.84512539781314,-1.7120508248350794,-8.551842785121746,-21.56088903974129,-2.2940919985866954,1.7724761668965463,-13.736504635882204,-8.826730041185662,-21.774238262081823,-19.55860578618973,R
14.986571120256862,-19.63768634300192,-21.07204530289049,50.55779944554618,2.818623553402809,-8.476866182729607,-0.759176471333205,-26.28700817589316,-24.022705299985923,-10.305766318653722,-1.7120508248350794,-22.369016806324307,1.3042896963428692,13.6999859740635,2.8023852102746383,-4.800914604951193,-0.997146645868677,-8.211944977510772,-8.862124866445823,6.791530923593932,P
10.972870011523874,9.796495077741325,-16.25283207401268,33.40597142833503,2.926724289216676,6.187587263445092,7.43878336840706,-1.0562745626811023,-16.39248396488813,29.164900445859853,-8.551842785121746,1.3042896963428692,18.36830825190732,7.08947263461258,0.5329620987870735,-18.240628354277693,-9.057313726198036,-6.037467661902698,2.773502044730648,4.098405236458468,Q
31.93641380440551,11.881200368361746,13.106214737986305,4.879531476896108,-9.777361090448844,-5.816493639624571,-12.187722749713,-12.59708647479966,-33.40560231088533,-9.60855619002874,-21.56088903974129,13.6999859740635,7.08947263461258,1.8500188829010544,-3.916662657301676,5.418078922381849,-24.641251009175058,-1.5598365762685644,19.00671198191562,-9.610773052701964,N
11.82233212909054,6.550100827181379,-0.8622986487186556,31.29506840394245,20.979970755688345,8.934437744838043,5.644320815918327,3.0399412128718266,-7.150001417229124,27.618243251607304,-2.2940919985866954,2.8023852102746383,0.5329620987870735,-3.916662657301676,4.888132219213611,-9.276358970587934,-11.39775229670128,-4.621328277594645,-23.182021607504304,-5.109243328633188,A
43.59185508968972,-4.709292586491335,55.6870712037604,-10.5222809792117,4.96791501936262,3.1658136757840425,6.161714938690981,8.11090028886459,1.607435495744404,29.017130830040102,1.7724761668965463,-4.800914604951193,-18.240628354277693,5.418078922381849,-9.276358970587934,16.78888153358412,-16.809948920279798,7.858647218460388,-10.525960037894096,6.281094438054267,S
14.658180533364629,26.475174779944236,-19.163782751591377,-27.52859098561333,-22.180721965198945,-12.136466797304044,-15.903423592193192,-10.59328926711946,-30.887949789190287,-17.32204390724501,-13.736504635882204,-0.997146645868677,-9.057313726198036,-24.641251009175058,-11.39775229670128,-16.809948920279798,-17.486353652896142,-24.86003962399261,-2.962874602800369,-20.60129524687576,K
6.574924747943169,10.684680716141212,-9.618163412319952,-18.885725946247597,13.302207871247726,-6.818293745157467,-2.9485216510102346,-14.87175485143252,-21.121414615456537,12.878964234625684,-8.826730041185662,-8.211944977510772,-6.037467661902698,-1.5598365762685644,-4.621328277594645,7.858647218460388,-24.86003962399261,15.44420916085948,3.356456410803041,-0.032982061995464,G
15.83696510824388,-1.0562745626811023,-16.703125820856144,11.207715031316887,22.076700388817866,1.9845751040123596,29.385616395377028,13.131829276145709,-6.853932451652916,-5.844562172136778,-21.774238262081823,-8.862124866445823,2.773502044730648,19.00671198191562,-23.182021607504304,-10.525960037894096,-2.962874602800369,3.356456410803041,-26.28134186390256,-11.9242570811581,E
41.14309783931937,4.782655576386746,-21.972939930938324,-12.884699765645829,11.021434192445616,5.570730918529101,-6.430099270003449,-13.847001383320697,-25.22346808950201,15.64942247421751,-19.55860578618973,6.791530923593932,4.098405236458468,-9.610773052701964,-5.109243328633188,6.281094438054267,-20.60129524687576,-0.032982061995464,-11.9242570811581,-10.42306402180267,D
