W,F,Y,C,I,V,L,M,H,T,R,P,Q,N,A,S,K,G,E,D,AA
7.068631086103634,-41.35031372888359,-55.40525249590842,-35.07743672297308,-27.02861709062753,0.265956630040821,-15.27935936564374,-40.51506492218364,-47.109486386880576,-29.895794689636745,-36.72038465810507,-11.412073012541898,-2.566440460424247,23.015540138729097,1.4203541628974885,34.01073367339526,12.223361773462598,3.27126996975152,13.552308812136149,38.75621754561824,W
-41.35031372888359,43.125370788581805,-18.099087382574137,-10.804648459141264,-31.219786774374946,-23.173380578091574,-28.826166149438823,-51.78104245700751,-35.33057178387389,-0.5077541810659757,-16.226452483210203,-29.736157975937665,9.212474142579428,10.490649873104037,-4.409857139667444,-8.617156158627957,31.920400981228514,11.573973946832773,7.722097509571964,20.432132582222668,F
-55.40525249590842,-18.099087382574137,-4.85771105191125,-2.135209075858261,-49.17713633156821,-28.77069155168199,-19.134810247986884,-55.284962747032495,-14.167258739758983,8.161685202216233,-35.81167209692359,-42.81511301404585,-24.031017248335797,1.5509633508200875,-7.550348964183555,49.34383541494485,-27.5342833730473,-11.498627855099382,-23.402463974349104,-28.30155480726601,Y
-35.07743672297308,-10.804648459141264,-2.135209075858261,inf,-3.8615732369746665,-24.279124988269743,50.484557715237365,17.330727553937,inf,-6.728750835985936,-4.838323232558421,46.4337194635754,45.58835071489099,10.964332181249322,31.966019432643066,-8.143473850483582,-12.321719844848593,-15.47461695079261,31.60410042105328,9.095883682565384,C
-27.02861709062753,-31.219786774374946,-49.17713633156821,-3.8615732369746665,-4.529754482749577,-30.497055712799124,-31.168206580392223,-23.91200500400844,-3.3997492400463707,-5.374610166699959,-14.39862950578278,5.190986905632578,11.040297120006487,3.043067526842419,11.550881117406869,10.819792724367945,-10.967579175565142,24.796132154943813,39.65292005339734,34.75382922047993,I
0.265956630040821,-23.173380578091574,-28.77069155168199,-24.279124988269743,-30.497055712799124,16.86187622186584,-18.96440416346697,-41.11108841816663,1.7099495189858884,2.2904990395714298,-7.816605064679359,-2.732691184835357,17.249534309184998,6.513724667057999,1.4552780576151942,12.07315196946452,-1.2821313604654274,4.378580403646063,21.71772667460293,28.46919274882876,V
-15.27935936564374,-28.826166149438823,-19.134810247986884,50.484557715237365,-31.168206580392223,-18.96440416346697,-1.0395441636761067,-5.468068315964568,-6.777259048128719,-0.7609432952840657,-8.297507376044559,2.5495870621873458,15.326193015299014,2.5077505415800445,-0.5237777380626927,17.453798204612532,0.7816785494179052,13.500497742099462,51.40217777838024,22.19928207683368,L
-40.51506492218364,-51.78104245700751,-55.284962747032495,17.330727553937,-23.91200500400844,-41.11108841816663,-5.468068315964568,-18.21477034884696,-31.49900063942701,3.323816963378496,-46.44873503352983,-33.82271143625456,2.1295983445169995,-9.086099585786345,-3.574608332966292,8.603772911938995,-2.269152045486128,-11.221243849198364,26.16647222184151,0.8553831233310383,M
-47.109486386880576,-35.33057178387389,-14.167258739758983,inf,-3.3997492400463707,1.7099495189858884,-6.777259048128719,-31.49900063942701,24.226783005912083,-10.842675895124463,-20.34658352238523,-22.02547324418257,-9.040572176242614,-31.170717049052595,11.21895219684919,3.23279708894962,-16.435644903990575,-9.8975407091289,-6.752092720309672,-27.92391330299677,H
-29.895794689636745,-0.5077541810659757,8.161685202216233,-6.728750835985936,-5.374610166699959,2.2904990395714298,-0.7609432952840657,3.323816963378496,-10.842675895124463,9.365219475164585,-10.302214290653865,-0.672513031122481,38.2761190873939,-6.038900747052456,42.26291371071569,38.055614691754805,-4.65771943901186,28.143745230817835,11.797995132726808,31.886651621469117,T
-36.72038465810507,-16.226452483210203,-35.81167209692359,-4.838323232558421,-14.39862950578278,-7.816605064679359,-8.297507376044559,-46.44873503352983,-20.34658352238523,-10.302214290653865,7.346970230721977,-1.584957787722974,-5.063220408644805,-20.78161532028121,14.0503417477416,6.846720391037104,5.66479673441598,3.407383893765138,-36.65659660804998,-34.14551538913284,R
-11.412073012541898,-29.736157975937665,-42.81511301404585,46.4337194635754,5.190986905632578,-2.732691184835357,2.5495870621873458,-33.82271143625456,-22.02547324418257,-0.672513031122481,-1.584957787722974,14.46634137644755,13.623464348589948,26.71157128691525,25.528383576674276,11.38262134412267,26.83383986415473,12.082553362673638,17.248339960321346,29.958375032971773,P
-2.566440460424247,9.212474142579428,-24.031017248335797,45.58835071489099,11.040297120006487,17.249534309184998,15.326193015299014,2.1295983445169995,-9.040572176242614,38.2761190873939,-5.063220408644805,13.623464348589948,60.487680372293006,19.17152357516703,27.679337165731404,0.0637175434344823,10.49827511689344,20.25484764889491,28.896844872463927,29.113006284284605,Q
23.015540138729097,10.490649873104037,1.5509633508200875,10.964332181249322,3.043067526842419,6.513724667057999,2.5077505415800445,-9.086099585786345,-31.170717049052595,-6.038900747052456,-20.78161532028121,26.71157128691525,19.17152357516703,29.26048872249357,23.158318198488747,14.73125120008288,-8.635547418173704,15.733828681651998,41.984951810789305,3.5066507855522864,N
1.4203541628974885,-4.409857139667444,-7.550348964183555,31.966019432643066,11.550881117406869,1.4552780576151942,-0.5237777380626927,-3.574608332966292,11.21895219684919,42.26291371071569,14.0503417477416,25.528383576674276,27.679337165731404,23.158318198488747,50.85352550626928,16.544385827585877,21.54317716878553,24.241642272216662,16.91355520903444,35.9026732676307,A
34.01073367339526,-8.617156158627957,49.34383541494485,-8.143473850483582,10.819792724367945,12.07315196946452,17.453798204612532,8.603772911938995,3.23279708894962,38.055614691754805,6.846720391037104,11.38262134412267,0.0637175434344823,14.73125120008288,16.544385827585877,60.94250772708561,5.578114453632015,30.20523284223896,13.18614447825105,25.896179550901437,S
12.223361773462598,31.920400981228514,-27.5342833730473,-12.321719844848593,-10.967579175565142,-1.2821313604654274,0.7816785494179052,-2.269152045486128,-16.435644903990575,-4.65771943901186,5.66479673441598,26.83383986415473,10.49827511689344,-8.635547418173704,21.54317716878553,5.578114453632015,42.89479338768034,1.7231819792443408,-1.2583357058290054,-22.997869577685304,K
3.27126996975152,11.573973946832773,-11.498627855099382,-15.47461695079261,24.796132154943813,4.378580403646063,13.500497742099462,-11.221243849198364,-9.8975407091289,28.143745230817835,3.407383893765138,12.082553362673638,20.25484764889491,15.733828681651998,24.241642272216662,30.20523284223896,1.7231819792443408,64.78553977325106,39.8498075473773,28.25603775139833,G
13.552308812136149,7.722097509571964,-23.402463974349104,31.60410042105328,39.65292005339734,21.71772667460293,51.40217777838024,26.16647222184151,-6.752092720309672,11.797995132726808,-36.65659660804998,17.248339960321346,28.896844872463927,41.984951810789305,16.91355520903444,13.18614447825105,-1.2583357058290054,39.8498075473773,50.12909347062141,35.54075425604019,E
38.75621754561824,20.432132582222668,-28.30155480726601,9.095883682565384,34.75382922047993,28.46919274882876,22.19928207683368,0.8553831233310383,-27.92391330299677,31.886651621469117,-34.14551538913284,29.958375032971773,29.113006284284605,3.5066507855522864,35.9026732676307,25.896179550901437,-22.997869577685304,28.25603775139833,35.54075425604019,60.74270074177685,D
