W|F|Y|C|I|V|L|M|H|T|R|P|Q|N|A|S|K|G|E|D|AA
-43.59781347330297|-41.5017604562996|-52.5603768855801|-35.228883450389084|-42.476809838897886|-28.516163981702668|-22.125485056121065|-35.11477886461651|-55.17905771905905|-15.240987871508981|-34.4358967995766|-34.09444791254419|-6.857155703662753|22.864093411313096|-17.764262381547663|13.447288680386778|15.068237383790912|-4.798301362426968|-1.2119414831036583|-14.543120886023278|W
-41.5017604562996|-41.94753655974309|-67.66599351183442|-27.58923736320977|-46.45868057206093|-35.81870096633758|-44.305909533452294|-58.11320418224373|-39.621287027112395|-20.156861230087486|-11.262646965888072|-6.230404059647398|-2.333307815520253|-10.07279511990445|-12.479428471845928|-6.213192438805146|-16.51840410706286|-6.408744685547157|-2.6955834075588045|7.247309005306052|F
-52.5603768855801|-67.66599351183442|-44.22020428045863|-27.813906313604868|-33.8383870604099|-30.625472208976024|-36.06017544449442|-30.255212175068547|-38.20691435868866|-33.48709632228156|-30.75335196517017|-25.750463198736966|-9.569660407927996|-19.012481642188398|-13.500990389368228|-20.121657380000652|-24.29990337436656|-16.22582363858289|-27.69317921758761|-20.880930140870184|Y
-35.228883450389084|-27.58923736320977|-27.813906313604868|-25.105959661675374|-15.407355195074349|-14.739570414880108|-11.991818051968679|-27.536522307700924|-37.12726611014097|-2.3044485073344245|34.80423090722934|-13.923726396636841|7.415779816314378|2.8947608490708356|4.707895476573261|21.808078988498536|-7.897417516197078|4.538472674598324|71.24665456084104|66.34756372792125|C
-42.476809838897886|-46.45868057206093|-33.8383870604099|-15.407355195074349|-3.884308243038046|-22.241223609926706|-27.35131902296003|-44.47544999701692|-6.354068327486728|-5.937713513599174|7.101915377930166|3.8160945365154118|0.622616202875712|-0.32684753771371056|-7.309229945723586|14.560152599988898|5.266654360885821|16.72656082276533|28.479925347221975|6.473788746241526|I
-28.516163981702668|-35.81870096633758|-30.625472208976024|-14.739570414880108|-22.241223609926706|9.487190885220135|-20.01398079281195|-23.318045039255736|3.331379487613045|21.76851682655225|10.855963071432262|3.810541050809953|30.26529950849583|17.52560492251827|-1.366431924685861|33.26326344999788|22.87022678074802|9.125779745317423|29.998368517190517|36.36970570340146|V
-22.125485056121065|-44.305909533452294|-36.06017544449442|-11.991818051968679|-27.35131902296003|-20.01398079281195|-1.7477863149863353|-32.336687883681954|-5.36819844248711|7.482113561668806|6.89018279258991|1.081995728974255|12.087089640576023|18.117089150330845|-4.017600014173668|22.108496024220464|10.321233122807543|19.367771613015112|23.375370955681333|31.738836650223316|L
-35.11477886461651|-58.11320418224373|-30.255212175068547|-27.536522307700924|-44.47544999701692|-23.318045039255736|-32.336687883681954|-8.67521577545733|-21.959446066037373|-12.317825762611827|3.839352197686611|-2.6122458664703947|19.587277522669115|-17.155670917964834|-1.9531783643391352|5.649453824498633|4.274080190159191|10.812184385021272|21.093223227407346|10.394937696720676|M
-55.17905771905905|-39.621287027112395|-38.20691435868866|-37.12726611014097|-6.354068327486728|3.331379487613045|-5.36819844248711|-21.959446066037373|-20.64046685572584|8.387879979070814|16.077502280262404|-8.346650154970432|-2.133911475087895|-11.485398399785252|11.86439843656072|-6.85711285205756|0.16201709796978492|26.74869109291454|-6.106646480598137|-14.109160687512142|H
-15.240987871508981|-20.156861230087486|-33.48709632228156|-2.3044485073344245|-5.937713513599174|21.76851682655225|7.482113561668806|-12.317825762611827|8.387879979070814|33.51757761637802|3.1881944111031326|-1.399192647447608|38.1246723599779|-0.6386146894853197|12.738391291051505|4.229613171287236|7.514729006612692|16.855705561499224|17.44574310307948|12.546652270161799|T
-34.4358967995766|-11.262646965888072|-30.75335196517017|34.80423090722934|7.101915377930166|10.855963071432262|6.89018279258991|3.839352197686611|16.077502280262404|3.1881944111031326|18.26535325267495|6.618200629868517|-8.65155729918706|1.2518129139384164|10.422684394404397|12.247006448604242|27.69822496863561|13.861276411141748|-20.70529207348545|-22.537500929758092|R
-34.09444791254419|-6.230404059647398|-25.750463198736966|-13.923726396636841|3.8160945365154118|3.810541050809953|1.081995728974255|-2.6122458664703947|-8.346650154970432|-1.399192647447608|6.618200629868517|45.3938779443453|8.896268565106434|-0.5465526691545595|17.458812244495785|4.6494461677423295|9.488863208286373|14.158746106372867|21.67264228897285|9.394930039963292|P
-6.857155703662753|-2.333307815520253|-9.569660407927996|7.415779816314378|0.622616202875712|30.26529950849583|12.087089640576023|19.587277522669115|-2.133911475087895|38.1246723599779|-8.65155729918706|8.896268565106434|39.92423537928452|1.8265469192986723|22.82823417069304|24.21607568464792|10.346828389477434|29.794402222284553|24.16964908898041|15.928182707367993|Q
22.864093411313096|-10.07279511990445|-19.012481642188398|2.8947608490708356|-0.32684753771371056|17.52560492251827|18.117089150330845|-17.155670917964834|-11.485398399785252|-0.6386146894853197|1.2518129139384164|-0.5465526691545595|1.8265469192986723|30.881918691120713|19.43531624441929|13.625272682043837|17.744450194154965|16.255720220132833|13.202831199045823|13.04620535894193|N
-17.764262381547663|-12.479428471845928|-13.500990389368228|4.707895476573261|-7.309229945723586|-1.366431924685861|-4.017600014173668|-1.9531783643391352|11.86439843656072|12.738391291051505|10.422684394404397|17.458812244495785|22.82823417069304|19.43531624441929|36.78416120656225|31.588697034066065|28.600373369671956|25.447476263728042|35.728515106113946|48.43855017876467|A
13.447288680386778|-6.213192438805146|-20.121657380000652|21.808078988498536|14.560152599988898|33.26326344999788|22.108496024220464|5.649453824498633|-6.85711285205756|4.229613171287236|12.247006448604242|4.6494461677423295|24.21607568464792|13.625272682043837|31.588697034066065|43.18193509410149|16.82100295689969|33.05010845256727|24.198024733711325|25.74473282348543|S
15.068237383790912|-16.51840410706286|-24.29990337436656|-7.897417516197078|5.266654360885821|22.87022678074802|10.321233122807543|4.274080190159191|0.16201709796978492|7.514729006612692|27.69822496863561|9.488863208286373|10.346828389477434|17.744450194154965|28.600373369671956|16.82100295689969|32.022349695477494|24.451496208996755|-5.340755834238264|-8.5365127372775|K
-4.798301362426968|-6.408744685547157|-16.22582363858289|4.538472674598324|16.72656082276533|9.125779745317423|19.367771613015112|10.812184385021272|26.74869109291454|16.855705561499224|13.861276411141748|14.158746106372867|29.794402222284553|16.255720220132833|25.447476263728042|33.05010845256727|24.451496208996755|71.69220047440578|36.89548845993694|46.33861185725061|G
-1.2119414831036583|-2.6955834075588045|-27.69317921758761|71.24665456084104|28.479925347221975|29.998368517190517|23.375370955681333|21.093223227407346|-6.106646480598137|17.44574310307948|-20.70529207348545|21.67264228897285|24.16964908898041|13.202831199045823|35.728515106113946|24.198024733711325|-5.340755834238264|36.89548845993694|62.47152040403541|33.68597359874615|E
-14.543120886023278|7.247309005306052|-20.880930140870184|66.34756372792125|6.473788746241526|36.36970570340146|31.738836650223316|10.394937696720676|-14.109160687512142|12.546652270161799|-22.537500929758092|9.394930039963292|15.928182707367993|13.04620535894193|48.43855017876467|25.74473282348543|-8.5365127372775|46.33861185725061|33.68597359874615|85.7724513137408|D
