W,F,Y,C,I,V,L,M,H,T,R,P,Q,N,A,S,K,G,E,D,AA
-31.049345045589583,-48.748744975634594,-44.47020537265618,-33.00347173546493,-34.568862214068574,-29.702809825225625,-39.34744346643117,-41.45922238072848,-25.71215740480542,-16.803422331307015,-23.35273592926152,-26.398644132798765,-13.539310471948122,-8.920873665676412,-10.401977966193057,-9.581121416294447,-2.4348187599020306,-3.3036547781916568,-2.2846562961077312,-2.3868802937011284,W
-48.748744975634594,-21.336386825964222,-42.46145262678426,-34.204059640193414,-40.57669931921323,-35.17920524105095,-40.76380505490566,-44.04052912079178,-15.602028821562245,-12.860153472191396,-11.81951803577335,-10.098471632935748,-0.5840209351619031,-1.3905504952577148,-10.959957966848824,-3.907863572136631,5.445226201284287,0.8892932306915624,8.778372072253068,15.649477005835918,F
-44.47020537265618,-42.46145262678426,-10.681675621979862,-21.27220019439467,-31.486240362404583,-26.258410498551232,-28.760620064864035,-34.850383436903044,-25.663985754720315,-13.859984366899477,-21.00351908481593,-21.743067711155355,-7.778185174323114,-11.555251387166216,-6.688050315464896,-6.343235788815539,-8.370500621455914,-1.880464442779427,-6.699338153492963,-6.328614876327693,Y
-33.00347173546493,-34.204059640193414,-21.27220019439467,-42.63647672831319,-28.44088894601149,-25.104460353020983,-24.012384507373014,-30.02940011100796,-14.348293192951328,-6.695768773990469,-0.6704067147400785,-4.1240799819707705,12.182379286555951,6.084800704353216,0.670951028700607,2.3788071287281176,15.206871140764749,3.411108995454979,20.396385389736395,21.98058344821121,C
-34.568862214068574,-40.57669931921323,-31.486240362404583,-28.44088894601149,-14.628414967708531,-37.5537231535833,-39.46125066650818,-35.661229522020136,-1.747725305472902,-9.122548085681949,-1.969052195759188,2.372363352229771,8.113572830789813,12.820428617291263,-9.429089638281477,5.851877705005322,11.213142789633803,11.493924283696083,17.57621966457947,23.732395028034315,I
-29.702809825225625,-35.17920524105095,-26.258410498551232,-25.104460353020983,-37.5537231535833,-5.391444047267586,-32.71402990199425,-29.97750632886732,-2.040258567958263,-7.090823042886904,1.2002527217601044,5.744174997894247,11.061947045739906,12.330218306682566,-7.479159687222844,8.907338293680473,10.854335436838616,11.196874148803534,19.733151570590568,22.898461830299656,V
-39.34744346643117,-40.76380505490566,-28.760620064864035,-24.012384507373014,-39.46125066650818,-32.71402990199425,-10.92570107555167,-33.80830475417046,-1.0941583434013624,-2.872776503485148,-3.5077459057524365,3.3087635335205507,7.887409646891951,14.695473291293048,-6.168098553981015,11.292083265921546,16.685102141611104,16.449019393109698,22.016561383003207,28.629381346837125,L
-41.45922238072848,-44.04052912079178,-34.850383436903044,-30.02940011100796,-35.661229522020136,-29.97750632886732,-33.80830475417046,-13.865320288611944,-13.856892671863422,-10.45432821036074,-7.782022142356904,-7.5357032603614,3.185872907198104,3.5109868890133185,-6.614549545838118,0.4928726230744094,8.324137221633329,3.650511002234157,13.03464294569581,14.702384506651736,M
-25.71215740480542,-15.602028821562245,-25.663985754720315,-14.348293192951328,-1.747725305472902,-2.040258567958263,-1.0941583434013624,-13.856892671863422,2.9151474785902742,-3.889045648454427,-3.63464739069376,1.997232055803356,7.351911788645517,2.2348852618327344,18.368953614078308,1.6253615932052174,14.452304885199712,11.223873906327634,0.1018397313432505,-2.700445213494758,H
-16.803422331307015,-12.860153472191396,-13.859984366899477,-6.695768773990469,-9.122548085681949,-7.090823042886904,-2.872776503485148,-10.45432821036074,-3.889045648454427,29.59032841023353,1.143951771120379,9.63325328753124,9.111218641534052,3.569655442976282,14.644670459108378,9.0384838617147,12.664324468233154,15.264780996192147,17.642557304863587,16.237229147251604,T
-23.35273592926152,-11.81951803577335,-21.00351908481593,-0.6704067147400785,-1.969052195759188,1.2002527217601044,-3.5077459057524365,-7.782022142356904,-3.63464739069376,1.143951771120379,26.19209562853511,0.1270930371121022,3.4886223764769424,0.7792737194600777,16.3444337463283,5.074244224140558,19.40130137029818,12.234113934950804,-14.88235834596815,-14.58690960294311,R
-26.398644132798765,-10.098471632935748,-21.743067711155355,-4.1240799819707705,2.372363352229771,5.744174997894247,3.3087635335205507,-7.5357032603614,1.997232055803356,9.63325328753124,0.1270930371121022,36.83535818277185,12.319174652247082,13.011585312851754,22.72599836639963,16.183535949073864,27.8309865100234,20.294498340184408,26.110464826767167,23.16684410937784,P
-13.539310471948122,-0.5840209351619031,-7.778185174323114,12.182379286555951,8.113572830789813,11.061947045739906,7.887409646891951,3.185872907198104,7.351911788645517,9.111218641534052,3.4886223764769424,12.319174652247082,42.11937212038569,12.082050940554447,27.14637506694433,18.304345897712174,19.555588843091478,26.29231531079761,26.123342827733275,25.014601047826147,Q
-8.920873665676412,-1.3905504952577148,-11.555251387166216,6.084800704353216,12.820428617291263,12.330218306682566,14.695473291293048,3.5109868890133185,2.2348852618327344,3.569655442976282,0.7792737194600777,13.011585312851754,12.082050940554447,27.410469839592505,27.07498085579042,9.313172277701028,16.005703591001353,17.293665257920562,22.978239828873686,13.117423838254249,N
-10.401977966193057,-10.959957966848824,-6.688050315464896,0.670951028700607,-9.429089638281477,-7.479159687222844,-6.168098553981015,-6.614549545838118,18.368953614078308,14.644670459108378,16.3444337463283,22.72599836639963,27.14637506694433,27.07498085579042,45.96539328705567,25.820744798173813,32.9409294654868,28.8629705498113,40.095576816538745,41.011916596263895,A
-9.581121416294447,-3.907863572136631,-6.343235788815539,2.3788071287281176,5.851877705005322,8.907338293680473,11.292083265921546,0.4928726230744094,1.6253615932052174,9.0384838617147,5.074244224140558,16.183535949073864,18.304345897712174,9.313172277701028,25.820744798173813,44.153626193501495,22.388063373911816,22.34658562377857,23.712104516145143,19.61508511284717,S
-2.4348187599020306,5.445226201284287,-8.370500621455914,15.206871140764749,11.213142789633803,10.854335436838616,16.685102141611104,8.324137221633329,14.452304885199712,12.664324468233154,19.40130137029818,27.8309865100234,19.555588843091478,16.005703591001353,32.9409294654868,22.388063373911816,60.38114704057648,26.583221603236947,1.70453889697136,-2.3965743308095457,K
-3.3036547781916568,0.8892932306915624,-1.880464442779427,3.411108995454979,11.493924283696083,11.196874148803534,16.449019393109698,3.650511002234157,11.223873906327634,15.264780996192147,12.234113934950804,20.294498340184408,26.29231531079761,17.293665257920562,28.8629705498113,22.34658562377857,26.583221603236947,49.34133061239157,36.49335113657426,28.2890198133938,G
-2.2846562961077312,8.778372072253068,-6.699338153492963,20.396385389736395,17.57621966457947,19.733151570590568,22.016561383003207,13.03464294569581,0.1018397313432505,17.642557304863587,-14.88235834596815,26.110464826767167,26.123342827733275,22.978239828873686,40.095576816538745,23.712104516145143,1.70453889697136,36.49335113657426,76.41043533452397,47.46501133719829,E
-2.3868802937011284,15.649477005835918,-6.328614876327693,21.98058344821121,23.732395028034315,22.898461830299656,28.629381346837125,14.702384506651736,-2.700445213494758,16.237229147251604,-14.58690960294311,23.16684410937784,25.014601047826147,13.117423838254249,41.011916596263895,19.61508511284717,-2.3965743308095457,28.2890198133938,47.46501133719829,71.16576476357952,D
