W,F,Y,C,I,V,L,M,H,T,R,P,Q,N,A,S,K,G,E,D,AA
0.0003864550740966,0.0010139103415428,0.000825282597785,0.0002928655791139,0.0015862405271918,0.0019825471270761,0.0027720455061913,0.0006459993159876,0.0006659921183213,0.0014849001994203,0.0015509633723492,0.0012625889299915,0.0012382498662808,0.0011158301708312,0.0027146024183265,0.0014373086373431,0.0013054720422436,0.0021245974364114,0.0017947161979041,0.0016032633842514,W
0.0010139103415428,0.0026594245015429,0.0021648201876306,0.0007682232966374,0.0041609086692474,0.0052004707904207,0.007271424465922,0.0016945375610717,0.0017469811994273,0.0038950802270026,0.0040683722493952,0.0033119297700695,0.003248085340767,0.0029269630624297,0.0071207440122407,0.0037702415661342,0.0034244175740787,0.0055730866412013,0.0047077666083329,0.0042055617671227,F
0.000825282597785,0.0021648201876306,0.001761922667535,0.0006253031377145,0.003386813779291,0.0042329759030694,0.0059186496349396,0.0013792860208109,0.0014219730517308,0.0031704400247367,0.0033114928225591,0.0026957788004859,0.0026438119802356,0.0023824312474289,0.0057960017526226,0.0030688263315687,0.002787339388546,0.0045362703510185,0.0038319343408399,0.0034231596208351,Y
0.0002928655791139,0.0007682232966374,0.0006253031377145,0.0002218445784817,0.0012018685253816,0.0015021435597393,0.0021003335797472,0.0004894631249134,0.0005046113445227,0.0011250846151154,0.0011751396016507,0.000956642999242,0.0009382016884133,0.0008454462857329,0.0020568098907972,0.0010890252662628,0.000989134832607,0.0016097727577607,0.0013598271342066,0.001214766465991,C
0.0015862405271918,0.0041609086692474,0.003386813779291,0.0012018685253816,0.006509353227871,0.0081360226740468,0.011375984350558,0.0026510669080766,0.0027331138318969,0.0060937677224336,0.0063648792967962,0.0051814416021278,0.0050815583905205,0.0045791696178529,0.0111402480803063,0.0058984603711658,0.005357426308293,0.008718972013219,0.0073651977701846,0.0065795092931666,I
0.0019825471270761,0.0052004707904207,0.0042329759030694,0.0015021435597393,0.0081360226740468,0.0101683564043891,0.014218162192457,0.0033134099099072,0.0034159554509629,0.0076162356742755,0.0079550818099377,0.0064759738427544,0.0063511357927735,0.0057232301247153,0.0139235295328296,0.0073721327015452,0.0066959265974824,0.0108973214462413,0.0092053200188229,0.0082233350006702,V
0.0027720455061913,0.007271424465922,0.0059186496349396,0.0021003335797472,0.011375984350558,0.014218162192457,0.019879659929802,0.0046328901469666,0.00477627181108,0.0106492055531139,0.0111229884432276,0.0090548637880275,0.008880312196933,0.0080023592536303,0.0194682168936507,0.0103078948526702,0.009362407067575,0.0152368993059579,0.0128711018480877,0.0114980665645676,L
0.0006459993159876,0.0016945375610717,0.0013792860208109,0.0004894631249134,0.0026510669080766,0.0033134099099072,0.0046328901469666,0.001079530716016,0.0011130655380791,0.0024816978970071,0.0025921085747022,0.0021101514388426,0.0020694738207444,0.0018648750868578,0.0045368861256814,0.0024021586259044,0.0021818215278727,0.0035508170798195,0.0029994900773818,0.0026795170278774,M
0.0006659921183213,0.0017469811994273,0.0014219730517308,0.0005046113445227,0.0027331138318969,0.0034159554509629,0.00477627181108,0.0011130655380791,0.0011473885951515,0.0025585030797358,0.0026723308180995,0.0021754577628077,0.002133521227621,0.0019225904405215,0.0046772965955948,0.0024765021761119,0.0022493459438508,0.0036607100506683,0.0030923202255492,0.0027624444443042,H
0.0014849001994203,0.0038950802270026,0.0031704400247367,0.0011250846151154,0.0060937677224336,0.0076162356742755,0.0106492055531139,0.0024816978970071,0.0025585030797358,0.005704176215839,0.0059582455340682,0.0048504142571019,0.0047569122955192,0.0042866196911301,0.0104285297925929,0.0055216247670347,0.0050151558084618,0.0081619420631554,0.0068946565481329,0.0061591634396119,T
0.0015509633723492,0.0040683722493952,0.0033114928225591,0.0011751396016507,0.0063648792967962,0.0079550818099377,0.0111229884432276,0.0025921085747022,0.0026723308180995,0.0059582455340682,0.00622303706934,0.0050662090667256,0.0049685472051984,0.0044773312945405,0.0108924948236112,0.0057672817155462,0.0052382799656069,0.0085250666624821,0.0072013996464254,0.0064331844678048,R
0.0012625889299915,0.0033119297700695,0.0026957788004859,0.000956642999242,0.0051814416021278,0.0064759738427544,0.0090548637880275,0.0021101514388426,0.0021754577628077,0.0048504142571019,0.0050662090667256,0.0041239997115483,0.0040447329777501,0.0036448500520219,0.0088672264151858,0.0046949568120111,0.0042643136612269,0.0069399800068686,0.0058624256614448,0.0052370466243444,P
0.0012382498662808,0.003248085340767,0.0026438119802356,0.0009382016884133,0.0050815583905205,0.0063511357927735,0.008880312196933,0.0020694738207444,0.002133521227621,0.0047569122955192,0.0049685472051984,0.0040447329777501,0.0039665301657305,0.0035745878823444,0.0086962919300738,0.0046044516204543,0.004182110024384,0.0068061972597482,0.0057494150462844,0.0051360915086944,Q
0.0011158301708312,0.0029269630624297,0.0023824312474289,0.0008454462857329,0.0045791696178529,0.0057232301247153,0.0080023592536303,0.0018648750868578,0.0019225904405215,0.0042866196911301,0.0044773312945405,0.0036448500520219,0.0035745878823444,0.0032209767843542,0.0078365321686473,0.0041492320557785,0.0037686453033585,0.0061333018947678,0.005180998559317,0.0046283113139071,N
0.0027146024183265,0.0071207440122407,0.0057960017526226,0.0020568098907972,0.0111402480803063,0.0139235295328296,0.0194682168936507,0.0045368861256814,0.0046772965955948,0.0104285297925929,0.0108924948236112,0.0088672264151858,0.0086962919300738,0.0078365321686473,0.0190642824258562,0.0100942918261685,0.0091683966984784,0.0149211560962364,0.0126043833426646,0.0112598004731674,A
0.0014373086373431,0.0037702415661342,0.0030688263315687,0.0010890252662628,0.0058984603711658,0.0073721327015452,0.0103078948526702,0.0024021586259044,0.0024765021761119,0.0055216247670347,0.0057672817155462,0.0046949568120111,0.0046044516204543,0.0041492320557785,0.0100942918261685,0.0053443854335693,0.0048544183399922,0.0079003490129826,0.0066736804345604,0.0059617601331177,S
0.0013054720422436,0.0034244175740787,0.002787339388546,0.000989134832607,0.005357426308293,0.0066959265974824,0.009362407067575,0.0021818215278727,0.0022493459438508,0.0050151558084618,0.0052382799656069,0.0042643136612269,0.004182110024384,0.0037686453033585,0.0091683966984784,0.0048544183399922,0.0044089039867452,0.0071756924660806,0.0060615396024416,0.0054149199233468,K
0.0021245974364114,0.0055730866412013,0.0045362703510185,0.0016097727577607,0.008718972013219,0.0108973214462413,0.0152368993059579,0.0035508170798195,0.0036607100506683,0.0081619420631554,0.0085250666624821,0.0069399800068686,0.0068061972597482,0.0061333018947678,0.0149211560962364,0.0079003490129826,0.0071756924660806,0.0116777208044434,0.009864884948375,0.0088125403036157,G
0.0017947161979041,0.0047077666083329,0.0038319343408399,0.0013598271342066,0.0073651977701846,0.0092053200188229,0.0128711018480877,0.0029994900773818,0.0030923202255492,0.0068946565481329,0.0072013996464254,0.0058624256614448,0.0057494150462844,0.005180998559317,0.0126043833426646,0.0066736804345604,0.0060615396024416,0.009864884948375,0.0083328511624954,0.0074442379325736,E
0.0016032633842514,0.0042055617671227,0.0034231596208351,0.001214766465991,0.0065795092931666,0.0082233350006702,0.0114980665645676,0.0026795170278774,0.0027624444443042,0.0061591634396119,0.0064331844678048,0.0052370466243444,0.0051360915086944,0.0046283113139071,0.0112598004731674,0.0059617601331177,0.0054149199233468,0.0088125403036157,0.0074442379325736,0.0066498173201372,D
