W|F|Y|C|I|V|L|M|H|T|R|P|Q|N|A|S|K|G|E|D|AA
0.0003284072249589491|0.002627257799671593|0.002955665024630542|0.0006568144499178982|0.002955665024630542|0.0019704433497536944|0.003940886699507389|0.0016420361247947454|0.0019704433497536944|0.002955665024630542|0.00361247947454844|0.0016420361247947454|0.0013136288998357964|0.0006568144499178982|0.002627257799671593|0.0006568144499178982|0.0009852216748768472|0.0019704433497536944|0.0013136288998357964|0.0006568144499178982|W
0.002627257799671593|0.0009852216748768472|0.003284072249589491|0.0009852216748768472|0.008538587848932676|0.008866995073891626|0.014121510673234812|0.005582922824302135|0.003940886699507389|0.003940886699507389|0.005911330049261084|0.006568144499178982|0.002627257799671593|0.0022988505747126436|0.007881773399014778|0.004597701149425287|0.0016420361247947454|0.004269293924466338|0.003940886699507389|0.002627257799671593|F
0.002955665024630542|0.003284072249589491|0.0019704433497536944|0.0006568144499178982|0.010509031198686371|0.008210180623973728|0.009195402298850575|0.0049261083743842365|0.0019704433497536944|0.002627257799671593|0.007553366174055829|0.00722495894909688|0.004597701149425287|0.0022988505747126436|0.006896551724137931|0.0009852216748768472|0.005254515599343186|0.005911330049261084|0.006568144499178982|0.006568144499178982|Y
0.0006568144499178982|0.0009852216748768472|0.0006568144499178982|0.0|0.0013136288998357964|0.002627257799671593|0.0006568144499178982|0.0003284072249589491|0.0|0.0013136288998357964|0.0013136288998357964|0.0003284072249589491|0.0003284072249589491|0.0006568144499178982|0.0009852216748768472|0.0013136288998357964|0.0013136288998357964|0.0022988505747126436|0.0006568144499178982|0.0009852216748768472|C
0.002955665024630542|0.008538587848932676|0.010509031198686371|0.0013136288998357964|0.00722495894909688|0.016420361247947456|0.023316912972085387|0.004597701149425287|0.002955665024630542|0.006896551724137931|0.008866995073891626|0.004597701149425287|0.003940886699507389|0.004269293924466338|0.008538587848932676|0.004597701149425287|0.006896551724137931|0.0049261083743842365|0.002955665024630542|0.002955665024630542|I
0.0019704433497536944|0.008866995073891626|0.008210180623973728|0.002627257799671593|0.016420361247947456|0.006896551724137931|0.02200328407224959|0.008538587848932676|0.003284072249589491|0.00722495894909688|0.009523809523809525|0.006896551724137931|0.004269293924466338|0.0049261083743842365|0.013464696223316914|0.005582922824302135|0.006896551724137931|0.009852216748768473|0.005582922824302135|0.004269293924466338|V
0.003940886699507389|0.014121510673234812|0.009195402298850575|0.0006568144499178982|0.023316912972085387|0.02200328407224959|0.020361247947454843|0.005254515599343186|0.005582922824302135|0.01083743842364532|0.013464696223316914|0.008538587848932676|0.0062397372742200325|0.007553366174055829|0.019704433497536946|0.006896551724137931|0.009195402298850575|0.01116584564860427|0.003940886699507389|0.006896551724137931|L
0.0016420361247947454|0.005582922824302135|0.0049261083743842365|0.0003284072249589491|0.004597701149425287|0.008538587848932676|0.005254515599343186|0.0016420361247947454|0.0022988505747126436|0.0022988505747126436|0.007553366174055829|0.004597701149425287|0.0019704433497536944|0.0022988505747126436|0.0049261083743842365|0.0019704433497536944|0.0022988505747126436|0.004597701149425287|0.0016420361247947454|0.002627257799671593|M
0.0019704433497536944|0.003940886699507389|0.0019704433497536944|0.0|0.002955665024630542|0.003284072249589491|0.005582922824302135|0.0022988505747126436|0.0006568144499178982|0.003284072249589491|0.004269293924466338|0.00361247947454844|0.002627257799671593|0.003940886699507389|0.00361247947454844|0.0022988505747126436|0.003284072249589491|0.004597701149425287|0.00361247947454844|0.005254515599343186|H
0.002955665024630542|0.003940886699507389|0.002627257799671593|0.0013136288998357964|0.006896551724137931|0.00722495894909688|0.01083743842364532|0.0022988505747126436|0.003284072249589491|0.004597701149425287|0.007553366174055829|0.0049261083743842365|0.0019704433497536944|0.0049261083743842365|0.003940886699507389|0.0022988505747126436|0.005582922824302135|0.004269293924466338|0.005254515599343186|0.002955665024630542|T
0.00361247947454844|0.005911330049261084|0.007553366174055829|0.0013136288998357964|0.008866995073891626|0.009523809523809525|0.013464696223316914|0.007553366174055829|0.004269293924466338|0.007553366174055829|0.005254515599343186|0.005254515599343186|0.005582922824302135|0.00722495894909688|0.007881773399014778|0.0049261083743842365|0.004597701149425287|0.007881773399014778|0.016748768472906402|0.014121510673234812|R
0.0016420361247947454|0.006568144499178982|0.00722495894909688|0.0003284072249589491|0.004597701149425287|0.006896551724137931|0.008538587848932676|0.004597701149425287|0.00361247947454844|0.0049261083743842365|0.005254515599343186|0.002955665024630542|0.002955665024630542|0.0019704433497536944|0.0049261083743842365|0.00361247947454844|0.0022988505747126436|0.005254515599343186|0.003940886699507389|0.002627257799671593|P
0.0013136288998357964|0.002627257799671593|0.004597701149425287|0.0003284072249589491|0.003940886699507389|0.004269293924466338|0.0062397372742200325|0.0019704433497536944|0.002627257799671593|0.0019704433497536944|0.005582922824302135|0.002955665024630542|0.0009852216748768472|0.0022988505747126436|0.004597701149425287|0.004597701149425287|0.003284072249589491|0.004269293924466338|0.002955665024630542|0.002627257799671593|Q
0.0006568144499178982|0.0022988505747126436|0.0022988505747126436|0.0006568144499178982|0.004269293924466338|0.0049261083743842365|0.007553366174055829|0.0022988505747126436|0.003940886699507389|0.0049261083743842365|0.00722495894909688|0.0019704433497536944|0.0022988505747126436|0.0016420361247947454|0.004597701149425287|0.002955665024630542|0.004597701149425287|0.004269293924466338|0.0019704433497536944|0.004269293924466338|N
0.002627257799671593|0.007881773399014778|0.006896551724137931|0.0009852216748768472|0.008538587848932676|0.013464696223316914|0.019704433497536946|0.0049261083743842365|0.00361247947454844|0.003940886699507389|0.007881773399014778|0.0049261083743842365|0.004597701149425287|0.004597701149425287|0.005911330049261084|0.006896551724137931|0.005582922824302135|0.008538587848932676|0.008538587848932676|0.0049261083743842365|A
0.0006568144499178982|0.004597701149425287|0.0009852216748768472|0.0013136288998357964|0.004597701149425287|0.005582922824302135|0.006896551724137931|0.0019704433497536944|0.0022988505747126436|0.0022988505747126436|0.0049261083743842365|0.00361247947454844|0.004597701149425287|0.002955665024630542|0.006896551724137931|0.0013136288998357964|0.004269293924466338|0.003940886699507389|0.0049261083743842365|0.003284072249589491|S
0.0009852216748768472|0.0016420361247947454|0.005254515599343186|0.0013136288998357964|0.006896551724137931|0.006896551724137931|0.009195402298850575|0.0022988505747126436|0.003284072249589491|0.005582922824302135|0.004597701149425287|0.0022988505747126436|0.003284072249589491|0.004597701149425287|0.005582922824302135|0.004269293924466338|0.0016420361247947454|0.006896551724137931|0.0062397372742200325|0.009195402298850575|K
0.0019704433497536944|0.004269293924466338|0.005911330049261084|0.0022988505747126436|0.0049261083743842365|0.009852216748768473|0.01116584564860427|0.004597701149425287|0.004597701149425287|0.004269293924466338|0.007881773399014778|0.005254515599343186|0.004269293924466338|0.004269293924466338|0.008538587848932676|0.003940886699507389|0.006896551724137931|0.002627257799671593|0.003940886699507389|0.004597701149425287|G
0.0013136288998357964|0.003940886699507389|0.006568144499178982|0.0006568144499178982|0.002955665024630542|0.005582922824302135|0.003940886699507389|0.0016420361247947454|0.00361247947454844|0.005254515599343186|0.016748768472906402|0.003940886699507389|0.002955665024630542|0.0019704433497536944|0.008538587848932676|0.0049261083743842365|0.0062397372742200325|0.003940886699507389|0.002627257799671593|0.003284072249589491|E
0.0006568144499178982|0.002627257799671593|0.006568144499178982|0.0009852216748768472|0.002955665024630542|0.004269293924466338|0.006896551724137931|0.002627257799671593|0.005254515599343186|0.002955665024630542|0.014121510673234812|0.002627257799671593|0.002627257799671593|0.004269293924466338|0.0049261083743842365|0.003284072249589491|0.009195402298850575|0.004597701149425287|0.003284072249589491|0.0016420361247947454|D
