W,F,Y,C,I,V,L,M,H,T,R,P,Q,N,A,S,K,G,E,D,AA
0.0010545742156604,0.002636435539151,0.0027682573161086,0.0006591088847877,0.0042182968626417,0.003822831531769,0.0046137621935143,0.001450039546533,0.0023727919852359,0.0021091484313208,0.0034273662008963,0.0027682573161086,0.001450039546533,0.0006591088847877,0.0040864750856841,0.0010545742156604,0.0009227524387028,0.0023727919852359,0.0018455048774057,0.0022409702082784,W
0.002636435539151,0.0069865541787503,0.0102820986026891,0.001450039546533,0.0121276034800949,0.0118639599261798,0.0201687318745056,0.0064592670709201,0.0043501186395992,0.006195623517005,0.0052728710783021,0.003822831531769,0.0034273662008963,0.0036910097548114,0.0094911679409438,0.0043501186395992,0.005009227524387,0.0064592670709201,0.005009227524387,0.0035591879778539,F
0.0027682573161086,0.0102820986026891,0.0048774057474294,0.0011863959926179,0.0073820195096229,0.0085684155022409,0.0135776430266279,0.0027682573161086,0.0034273662008963,0.0068547324017927,0.0067229106248352,0.0048774057474294,0.0032955444239388,0.0036910097548114,0.0079093066174532,0.0048774057474294,0.0048774057474294,0.0065910888478776,0.0072501977326654,0.0055365146322172,Y
0.0006591088847877,0.001450039546533,0.0011863959926179,0.0003954653308726,0.0017136831004481,0.0021091484313208,0.0027682573161086,0.0009227524387028,0.0011863959926179,0.0011863959926179,0.0005272871078302,0.0013182177695755,0.0007909306617453,0.0007909306617453,0.0018455048774057,0.0006591088847877,0.0011863959926179,0.001450039546533,0.0002636435539151,0.0002636435539151,C
0.0042182968626417,0.0121276034800949,0.0073820195096229,0.0017136831004481,0.0071183759557078,0.0135776430266279,0.0213551278671236,0.0073820195096229,0.0031637226469812,0.0069865541787503,0.0054046928552596,0.0047455839704719,0.005009227524387,0.0046137621935143,0.0131821776957553,0.0042182968626417,0.0047455839704719,0.0059319799630899,0.003822831531769,0.0056683364091747,I
0.003822831531769,0.0118639599261798,0.0085684155022409,0.0021091484313208,0.0135776430266279,0.0081729501713683,0.0225415238597416,0.0056683364091747,0.0031637226469812,0.0046137621935143,0.006195623517005,0.0059319799630899,0.0031637226469812,0.003822831531769,0.0143685736883733,0.0034273662008963,0.0039546533087266,0.008832059056156,0.0046137621935143,0.0035591879778539,V
0.0046137621935143,0.0201687318745056,0.0135776430266279,0.0027682573161086,0.0213551278671236,0.0225415238597416,0.0206960189823358,0.0097548114948589,0.0054046928552596,0.0089638808331136,0.0094911679409438,0.008832059056156,0.0067229106248352,0.0052728710783021,0.0213551278671236,0.006195623517005,0.0073820195096229,0.0097548114948589,0.0075138412865805,0.0055365146322172,L
0.001450039546533,0.0064592670709201,0.0027682573161086,0.0009227524387028,0.0073820195096229,0.0056683364091747,0.0097548114948589,0.0013182177695755,0.0018455048774057,0.0032955444239388,0.0023727919852359,0.0022409702082784,0.0013182177695755,0.0027682573161086,0.0047455839704719,0.0021091484313208,0.0019773266543633,0.0027682573161086,0.0018455048774057,0.0021091484313208,M
0.0023727919852359,0.0043501186395992,0.0034273662008963,0.0011863959926179,0.0031637226469812,0.0031637226469812,0.0054046928552596,0.0018455048774057,0.0018455048774057,0.0021091484313208,0.0018455048774057,0.002636435539151,0.0022409702082784,0.0025046137621935,0.0035591879778539,0.0029000790930661,0.0022409702082784,0.0019773266543633,0.0035591879778539,0.003822831531769,H
0.0021091484313208,0.006195623517005,0.0068547324017927,0.0011863959926179,0.0069865541787503,0.0046137621935143,0.0089638808331136,0.0032955444239388,0.0021091484313208,0.002636435539151,0.0055365146322172,0.005009227524387,0.0019773266543633,0.0043501186395992,0.0077774848404956,0.005009227524387,0.0042182968626417,0.0055365146322172,0.0046137621935143,0.0046137621935143,T
0.0034273662008963,0.0052728710783021,0.0067229106248352,0.0005272871078302,0.0054046928552596,0.006195623517005,0.0094911679409438,0.0023727919852359,0.0018455048774057,0.0055365146322172,0.0040864750856841,0.0043501186395992,0.0060638017400474,0.0043501186395992,0.0085684155022409,0.0043501186395992,0.0027682573161086,0.006195623517005,0.0116003163722646,0.0108093857105193,R
0.0027682573161086,0.003822831531769,0.0048774057474294,0.0013182177695755,0.0047455839704719,0.0059319799630899,0.008832059056156,0.0022409702082784,0.002636435539151,0.005009227524387,0.0043501186395992,0.001450039546533,0.0032955444239388,0.0036910097548114,0.0059319799630899,0.0042182968626417,0.0034273662008963,0.005009227524387,0.0035591879778539,0.0042182968626417,P
0.001450039546533,0.0034273662008963,0.0032955444239388,0.0007909306617453,0.005009227524387,0.0031637226469812,0.0067229106248352,0.0013182177695755,0.0022409702082784,0.0019773266543633,0.0060638017400474,0.0032955444239388,0.0015818613234906,0.0034273662008963,0.0051410493013445,0.002636435539151,0.0032955444239388,0.0034273662008963,0.0032955444239388,0.0035591879778539,Q
0.0006591088847877,0.0036910097548114,0.0036910097548114,0.0007909306617453,0.0046137621935143,0.003822831531769,0.0052728710783021,0.0027682573161086,0.0025046137621935,0.0043501186395992,0.0043501186395992,0.0036910097548114,0.0034273662008963,0.0015818613234906,0.005009227524387,0.0030319008700237,0.0025046137621935,0.0042182968626417,0.003822831531769,0.0034273662008963,N
0.0040864750856841,0.0094911679409438,0.0079093066174532,0.0018455048774057,0.0131821776957553,0.0143685736883733,0.0213551278671236,0.0047455839704719,0.0035591879778539,0.0077774848404956,0.0085684155022409,0.0059319799630899,0.0051410493013445,0.005009227524387,0.0081729501713683,0.0048774057474294,0.0047455839704719,0.0083047719483258,0.0055365146322172,0.0036910097548114,A
0.0010545742156604,0.0043501186395992,0.0048774057474294,0.0006591088847877,0.0042182968626417,0.0034273662008963,0.006195623517005,0.0021091484313208,0.0029000790930661,0.005009227524387,0.0043501186395992,0.0042182968626417,0.002636435539151,0.0030319008700237,0.0048774057474294,0.0019773266543633,0.0032955444239388,0.0036910097548114,0.003822831531769,0.0032955444239388,S
0.0009227524387028,0.005009227524387,0.0048774057474294,0.0011863959926179,0.0047455839704719,0.0039546533087266,0.0073820195096229,0.0019773266543633,0.0022409702082784,0.0042182968626417,0.0027682573161086,0.0034273662008963,0.0032955444239388,0.0025046137621935,0.0047455839704719,0.0032955444239388,0.0021091484313208,0.0040864750856841,0.0068547324017927,0.0065910888478776,K
0.0023727919852359,0.0064592670709201,0.0065910888478776,0.001450039546533,0.0059319799630899,0.008832059056156,0.0097548114948589,0.0027682573161086,0.0019773266543633,0.0055365146322172,0.006195623517005,0.005009227524387,0.0034273662008963,0.0042182968626417,0.0083047719483258,0.0036910097548114,0.0040864750856841,0.0022409702082784,0.0042182968626417,0.0030319008700237,G
0.0018455048774057,0.005009227524387,0.0072501977326654,0.0002636435539151,0.003822831531769,0.0046137621935143,0.0075138412865805,0.0018455048774057,0.0035591879778539,0.0046137621935143,0.0116003163722646,0.0035591879778539,0.0032955444239388,0.003822831531769,0.0055365146322172,0.003822831531769,0.0068547324017927,0.0042182968626417,0.0019773266543633,0.0034273662008963,E
0.0022409702082784,0.0035591879778539,0.0055365146322172,0.0002636435539151,0.0056683364091747,0.0035591879778539,0.0055365146322172,0.0021091484313208,0.003822831531769,0.0046137621935143,0.0108093857105193,0.0042182968626417,0.0035591879778539,0.0034273662008963,0.0036910097548114,0.0032955444239388,0.0065910888478776,0.0030319008700237,0.0034273662008963,0.0009227524387028,D
