W|F|Y|C|I|V|L|M|H|T|R|P|Q|N|A|S|K|G|E|D|AA
16.66267540395489|-3.049519518837412|-9.067084990329104|7.514172529463062|-2.6854677623208745|19.638897076147227|30.99608730991823|-9.459751741565867|-9.758625716239813|-9.693829809866795|-1.966318955085631|15.105844015559878|9.342994959432668|-22.971708783034146|10.471631498708511|24.400296507745196|-0.8759266688982574|5.917598559764889|11.858407973931198|24.467919697866765|W
-3.049519518837412|62.82177958957623|16.989143338964695|81.25985935011657|8.121743018915579|2.0567088443741173|5.017897366052873|-5.876193871115161|14.305987404613706|-7.789545597822471|-15.856164482887285|-22.613884478857806|1.698354660791955|11.770859760086363|-0.590466777139985|0.6318930665262048|-0.59278317909926|9.613649155867183|-12.362020401621736|-2.9699401678124713|F
-9.067084990329104|16.989143338964695|20.62714495175554|30.9973070155392|-1.282840602926958|-2.2011467338964996|22.645872944841493|-8.911234119053375|46.5740958247787|15.432297134225548|-17.49994689519894|-12.149535588671496|9.923860819015417|18.28619293641058|19.061137708924697|37.165561979364796|-2.822610476626897|-8.362829622043574|-15.030698870164331|-22.138189987243983|Y
7.514172529463062|81.25985935011657|30.9973070155392|inf|34.462539057490325|-6.602941673853145|30.144084715085373|26.366908649672816|inf|37.15180324388134|-11.22592066893552|9.509750904901393|42.35869816493369|12.789475072096398|18.38806033618039|12.474855236132955|-27.930665847128495|10.588479824256508|16.618539782076738|9.794875134090162|C
-2.6854677623208745|8.121743018915579|-1.282840602926958|34.462539057490325|2.0534809482132066|7.351435959546793|1.804350860897667|13.944227988728603|4.60851713110074|5.543724159538833|-9.806726542097145|-4.661294663569718|5.724711212417907|-2.9907913852223698|10.076823357287044|12.684854836850695|-20.735329861907914|30.668374855806285|5.197386024260459|20.223636365471435|I
19.638897076147227|2.0567088443741173|-2.2011467338964996|-6.602941673853145|7.351435959546793|6.188786501291465|0.8772736438344437|-19.064356528873557|-19.59916106339877|13.412992030821268|-14.208325749430134|-7.934608557270057|9.275067035282518|16.454846868572364|13.672654495152312|16.288866120758165|-9.166918256189525|3.0028052928922264|-7.251875720243331|11.021789290191727|V
30.99608730991823|5.017897366052873|22.645872944841493|30.144084715085373|1.804350860897667|0.8772736438344437|17.397656406404735|14.521683292681537|-23.422074649455297|-2.770823119220044|-4.846851817031656|6.3746053458737535|21.41369599419231|-6.5053326549355734|6.572345510952779|20.60096504201216|-12.124461731568168|-2.037506451959482|10.917013731072357|-6.446516148509526|L
-9.459751741565867|-5.876193871115161|-8.911234119053375|26.366908649672816|13.944227988728603|-19.064356528873557|14.521683292681537|-17.543214526042114|-31.151029135866548|-4.4944043075161995|-39.085482903086884|-33.663048700975345|13.634832199541384|-31.780035357670588|6.188786501291465|8.229799091042228|-18.236927539976254|-6.746095336437493|-8.012775872889367|4.293609642263911|M
-9.758625716239813|14.305987404613706|46.5740958247787|inf|4.60851713110074|-19.59916106339877|-23.422074649455297|-31.151029135866548|24.566093117892667|-18.306579331941652|-11.504128886199402|-25.78007541192412|1.4874788924574642|-35.898086085095485|4.885816502505805|15.560686171167463|-22.585801754067315|-4.361497149053991|-8.144908763144175|-5.048238972505495|H
-9.693829809866795|-7.789545597822471|15.432297134225548|37.15180324388134|5.543724159538833|13.412992030821268|-2.770823119220044|-4.4944043075161995|-18.306579331941652|11.961758740819475|-16.445013603226695|-13.349741554952486|-4.045299414018437|8.81387348002064|9.278802098556403|33.619939943086024|0.18023663163379972|26.3444520554637|-6.254476492934978|11.528370097373216|T
-1.966318955085631|-15.856164482887285|-17.49994689519894|-11.22592066893552|-9.806726542097145|-14.208325749430134|-4.846851817031656|-39.085482903086884|-11.504128886199402|-16.445013603226695|-5.2465205333988|-29.468447906734035|-19.238306975943917|-25.69983321871176|-10.331871487572231|-4.146259569641273|-23.39188326926705|-6.157644576089974|-30.21026912401223|-14.849568165666277|R
15.105844015559878|-22.613884478857806|-12.149535588671496|9.509750904901393|-4.661294663569718|-7.934608557270057|6.3746053458737535|-33.663048700975345|-25.78007541192412|-13.349741554952486|-29.468447906734035|-14.320417485513504|2.3076089044144625|5.6859527071270675|-4.161525648018741|11.674063795181757|-8.939632372985097|8.72248859491286|-3.0330093746420794|28.116353230557433|P
9.342994959432668|1.698354660791955|9.923860819015417|42.35869816493369|5.724711212417907|9.275067035282518|21.41369599419231|13.634832199541384|1.4874788924574642|-4.045299414018437|-19.238306975943917|2.3076089044144625|14.340903216375404|3.3482724333546576|-6.839223922872388|-7.657675067080656|-0.9905861234913856|11.317980901876188|2.4302217701335787|-22.8184728136222|Q
-22.971708783034146|11.770859760086363|18.28619293641058|12.789475072096398|-2.9907913852223698|16.454846868572364|-6.5053326549355734|-31.780035357670588|-35.898086085095485|8.81387348002064|-25.69983321871176|5.6859527071270675|3.3482724333546576|-11.478173739339717|-5.985089209401066|-0.4370577830267278|-21.093946460464796|-2.1632166577096568|5.377994484877415|2.036635858523581|N
10.471631498708511|-0.590466777139985|19.061137708924697|18.38806033618039|10.076823357287044|13.672654495152312|6.572345510952779|6.188786501291465|4.885816502505805|9.278802098556403|-10.331871487572231|-4.161525648018741|-6.839223922872388|-5.985089209401066|4.728498256900739|-5.179837191494129|-18.06756914007439|4.409579322924517|-19.404732065497832|6.61547367019784|A
24.400296507745196|0.6318930665262048|37.165561979364796|12.474855236132955|12.684854836850695|16.288866120758165|20.60096504201216|8.229799091042228|15.560686171167463|33.619939943086024|-4.146259569641273|11.674063795181757|-7.657675067080656|-0.4370577830267278|-5.179837191494129|61.17951406001259|-12.848842081119827|35.53974580455628|-9.651954503215412|-0.512222944093637|S
-0.8759266688982574|-0.59278317909926|-2.822610476626897|-27.930665847128495|-20.735329861907914|-9.166918256189525|-12.124461731568168|-18.236927539976254|-22.585801754067315|0.18023663163379972|-23.39188326926705|-8.939632372985097|-0.9905861234913856|-21.093946460464796|-18.06756914007439|-12.848842081119827|-26.429610197811343|-21.095449755717222|-20.743039213884217|-21.080855443578848|K
5.917598559764889|9.613649155867183|-8.362829622043574|10.588479824256508|30.668374855806285|3.0028052928922264|-2.037506451959482|-6.746095336437493|-4.361497149053991|26.3444520554637|-6.157644576089974|8.72248859491286|11.317980901876188|-2.1632166577096568|4.409579322924517|35.53974580455628|-21.095449755717222|37.48536790306986|4.318039776333521|5.689775505604632|G
11.858407973931198|-12.362020401621736|-15.030698870164331|16.618539782076738|5.197386024260459|-7.251875720243331|10.917013731072357|-8.012775872889367|-8.144908763144175|-6.254476492934978|-30.21026912401223|-3.0330093746420794|2.4302217701335787|5.377994484877415|-19.404732065497832|-9.651954503215412|-20.743039213884217|4.318039776333521|-17.855439157372043|-16.340220189651397|E
24.467919697866765|-2.9699401678124713|-22.138189987243983|9.794875134090162|20.223636365471435|11.021789290191727|-6.446516148509526|4.293609642263911|-5.048238972505495|11.528370097373216|-14.849568165666277|28.116353230557433|-22.8184728136222|2.036635858523581|6.61547367019784|-0.512222944093637|-21.080855443578848|5.689775505604632|-16.340220189651397|32.32457302811967|D
