W,F,Y,C,I,V,L,M,H,T,R,P,Q,N,A,S,K,G,E,D,AA
0.23956943231245,17.39682365719794,-9.412810747059284,16.60796153082254,24.67222870522515,17.724418328222285,34.4612725685647,9.3291884041076,1.146317047147799,4.92517313608778,2.1991482309007,3.7963785943054233,23.96985035252891,25.88808513885518,4.966391390294155,25.51956830580616,27.561770056284814,1.2839442700200625,7.603496068216785,-15.062744700373498,W
17.39682365719794,-15.00266964123348,-22.456741828929307,18.79783626200133,-1.8960484005359504,2.835276910248648,-2.043683874964053,-8.656938862030863,-24.33554924806032,-4.090609137427071,-3.985421301052302,-1.1484583227000882,-4.38886155363276,0.3711540887585395,-3.572920014899034,18.046953371107826,-17.09663587229059,-9.846849716077216,-11.201847237964367,-1.7902326481041575,F
-9.412810747059284,-22.456741828929307,-21.92484685947776,2.0927395205611483,-1.200981689358498,-0.5629101542328143,-5.994933841379513,-5.60759478015722,-21.1463141928676,-10.849264845257231,-11.392988305388975,-9.5242013233608,-8.1147489730175,-11.748417528863117,-6.401142560868461,-6.111816286002341,-23.185808297340344,-14.545543148278256,-21.824040333111068,-17.550365041928202,Y
16.60796153082254,18.79783626200133,2.0927395205611483,92.97707550022858,5.589695046896047,10.298971495075934,15.879423872481786,5.412189243841012,-22.561561696594083,8.237656854339253,-4.880512868393543,-1.7713077666120094,-8.699020807296238,-3.589495277667886,-0.7937823736082428,-5.483541831954522,-9.091384385756538,-8.138600110460077,35.457821243448706,28.63415659546213,C
24.67222870522515,-1.8960484005359504,-1.200981689358498,5.589695046896047,11.974320181924128,8.00412413309398,7.38920830417751,-3.313986624898713,-2.9410876641048604,4.863071242255323,12.930975416250815,-10.519472846243213,1.6549038802759142,-7.159797843191873,5.978569627108419,9.181048235599553,-5.760376862070486,8.910505297758538,2.4027719584926626,-1.940848301218839,I
17.724418328222285,2.835276910248648,-0.5629101542328143,10.298971495075934,8.00412413309398,14.148325329236036,13.609707520189716,6.012192172187167,1.6376721663155076,16.239596761102025,9.551166189993117,-7.434229598486495,5.478194877187797,-0.1418599541892971,4.110441116467188,21.077628446903056,3.41426907590993,-3.2980919449472865,2.56791960306218,3.2976690894214697,V
34.4612725685647,-2.043683874964053,-5.994933841379513,15.879423872481786,7.38920830417751,13.609707520189716,8.794583876839575,9.902963175014474,10.43565529717767,10.030732514294527,8.734565829863612,1.8257380592307944,11.41497410066493,-3.429759628747569,6.051521880406168,18.874879830530496,-8.34846992653105,6.174354504517933,-9.243475238276144,6.110149831107795,L
9.3291884041076,-8.656938862030863,-5.60759478015722,5.412189243841012,-3.313986624898713,6.012192172187167,9.902963175014474,-6.1915436097813386,-14.4704906765825,2.6003230594374656,3.623629800244458,8.85310572057037,4.523010013507028,-28.284301782031413,6.48967219223236,4.224009091848888,-18.640971629657827,-0.0219878367866324,2.033556576338309,7.927854663258392,M
1.146317047147799,-24.33554924806032,-21.1463141928676,-22.561561696594083,-2.9410876641048604,1.6376721663155076,10.43565529717767,-14.4704906765825,-32.57980050957532,0.4197699723366341,-3.057868443677173,-10.524587995996011,2.623687762494638,-18.741631572935656,-9.905568926629892,-6.901109052897196,-16.300939687840575,-5.970020244518987,0.9512742873328252,-22.803114858830835,H
4.92517313608778,-4.090609137427071,-10.849264845257231,8.237656854339253,4.863071242255323,16.239596761102025,10.030732514294527,2.6003230594374656,0.4197699723366341,16.351930502051324,-9.970729024754204,-10.612809453646618,17.552776730049878,-2.7777975967373227,-2.7661235878764576,10.179036226492489,2.315671950519868,-2.045406076405937,-14.435099456785222,4.173116874477044,T
2.1991482309007,-3.985421301052302,-11.392988305388975,-4.880512868393543,12.930975416250815,9.551166189993117,8.734565829863612,3.623629800244458,-3.057868443677173,-9.970729024754204,-7.291067231940998,4.0690133929441545,-7.370471731924464,-2.762289107883297,-6.736144539665475,6.169256253858755,-0.8169130831526742,-9.347080969777446,-12.309762489168618,-3.573046734626014,R
3.7963785943054233,-1.1484583227000882,-9.5242013233608,-1.7713077666120094,-10.519472846243213,-7.434229598486495,1.8257380592307944,8.85310572057037,-10.524587995996011,-10.612809453646618,4.0690133929441545,1.840930485181446,-11.167226465910408,-10.785413197735052,-8.467006978647131,-5.37546024224121,-22.613369479278205,-0.7768276795844604,-16.290403929755303,-22.14537811112039,P
23.96985035252891,-4.38886155363276,-8.1147489730175,-8.699020807296238,1.6549038802759142,5.478194877187797,11.41497410066493,4.523010013507028,2.623687762494638,17.552776730049878,-7.370471731924464,-11.167226465910408,2.9956711747411746,-5.566490715966215,-11.710026745436751,6.595436501893058,-11.104517777116971,-7.014429644411786,-12.060135404670486,-0.0512785767183223,Q
25.88808513885518,0.3711540887585395,-11.748417528863117,-3.589495277667886,-7.159797843191873,-0.1418599541892971,-3.429759628747569,-28.284301782031413,-18.741631572935656,-2.7777975967373227,-2.762289107883297,-10.785413197735052,-5.566490715966215,4.580386749941176,-13.285901793594451,16.561489147660232,-9.684387128781658,-0.1617084168353719,-7.215699994127359,-7.403753979621571,N
4.966391390294155,-3.572920014899034,-6.401142560868461,-0.7937823736082428,5.978569627108419,4.110441116467188,6.051521880406168,6.48967219223236,-9.905568926629892,-2.7661235878764576,-6.736144539665475,-8.467006978647131,-11.710026745436751,-13.285901793594451,-3.482967628366583,8.306472346776328,-6.404169745726398,1.661407122068755,-13.186027014136869,11.396874444595031,A
25.51956830580616,18.046953371107826,-6.111816286002341,-5.483541831954522,9.181048235599553,21.077628446903056,18.874879830530496,4.224009091848888,-6.901109052897196,10.179036226492489,6.169256253858755,-5.37546024224121,6.595436501893058,16.561489147660232,8.306472346776328,9.947347553577329,12.46074067216205,3.9482354484415096,4.223478995749397,11.03207615940092,S
27.561770056284814,-17.09663587229059,-23.185808297340344,-9.091384385756538,-5.760376862070486,3.41426907590993,-8.34846992653105,-18.640971629657827,-16.300939687840575,2.315671950519868,-0.8169130831526742,-22.613369479278205,-11.104517777116971,-9.684387128781658,-6.404169745726398,12.46074067216205,-29.854599420718458,-0.1233414827703782,-18.26145749573158,-16.06323126342002,K
1.2839442700200625,-9.846849716077216,-14.545543148278256,-8.138600110460077,8.910505297758538,-3.2980919449472865,6.174354504517933,-0.0219878367866324,-5.970020244518987,-2.045406076405937,-9.347080969777446,-0.7768276795844604,-7.014429644411786,-0.1617084168353719,1.661407122068755,3.9482354484415096,-0.1233414827703782,9.753958382295938,0.8942214242281942,-3.0631720750248266,G
7.603496068216785,-11.201847237964367,-21.824040333111068,35.457821243448706,2.4027719584926626,2.56791960306218,-9.243475238276144,2.033556576338309,0.9512742873328252,-14.435099456785222,-12.309762489168618,-16.290403929755303,-12.060135404670486,-7.215699994127359,-13.186027014136869,4.223478995749397,-18.26145749573158,0.8942214242281942,8.75521811746797,-25.669428662776795,E
-15.062744700373498,-1.7902326481041575,-17.550365041928202,28.63415659546213,-1.940848301218839,3.2976690894214697,6.110149831107795,7.927854663258392,-22.803114858830835,4.173116874477044,-3.573046734626014,-22.14537811112039,-0.0512785767183223,-7.403753979621571,11.396874444595031,11.03207615940092,-16.06323126342002,-3.0631720750248266,-25.669428662776795,3.2049701253255534,D
