W|F|Y|C|I|V|L|M|H|T|R|P|Q|N|A|S|K|G|E|D|AA
16.48144334673368|-20.440142394280606|0.296361352626576|-9.04580716359693|-27.279827996865208|1.9757408151624307|-3.413970854784866|-18.73680846440257|-10.818683859640094|-14.597539948580069|-4.124004896578773|11.366191101995547|-14.597539948580069|-48.83980803080069|5.566996404226874|-1.1276825588344472|-28.427809765208213|4.671512138934226|4.308083673424824|39.620850098992356|W
-20.440142394280606|77.87736480950069|39.48576616989647|62.55452719988299|10.06969338555879|-0.767270131951922|7.090993059900555|2.8231715695329185|38.66631830836931|-3.721255968274418|-11.804159326805786|-21.424023104432706|6.127384156026727|11.366191101995547|2.934102531991958|-17.400412308604416|16.481443346733677|19.397266220855023|-1.1276825588344472|-1.1276825588344472|F
0.296361352626576|39.48576616989647|42.54157720757098|28.97531700756367|-0.028144128688125502|-1.6478019274152242|28.684817943222956|-3.246612465828252|67.79333414585182|26.260092403202194|-6.0494848258526055|-2.600008240905087|18.060870065056868|29.997233525732277|25.458875301238574|43.24206736443683|20.327268528651242|6.183027274708721|6.790442045928037|-4.5490926119446105|Y
-9.04580716359693|62.55452719988299|28.97531700756367|inf|28.97531700756367|-16.806292944863905|14.362513439739866|21.05719240280119|inf|28.97531700756367|-6.242934803572582|11.366191101995547|51.16019196919931|16.48144334673368|19.284315706758026|18.060870065056868|-18.73680846440257|18.829552931685967|-18.73680846440257|-18.73680846440257|C
-27.279827996865208|10.06969338555879|-0.028144128688125502|28.97531700756367|-9.842700130724468|-0.6313406056794442|-5.518231128742618|17.324760100419955|7.587335013055576|0.645194137208712|-22.6520208606174|5.892312143999061|4.1111243871343754|4.1111243871343754|4.1111243871343754|3.448066497233064|-14.957952375462593|21.775050865513524|2.823171569532913|22.1295789419785|I
1.9757408151624307|-0.767270131951922|-1.6478019274152242|-16.806292944863905|-0.6313406056794442|-8.035774473164349|-12.737015496874038|-25.041983039111482|-21.219166836905785|-3.058198078373111|-23.705586883313323|-0.5027876311342966|3.757174194947254|16.481443346733677|9.471771538149135|-4.9065386477744255|-12.667024429041406|6.2509388572574185|-9.842700130724468|7.5873350130555695|V
-3.413970854784866|7.090993059900555|28.684817943222956|14.362513439739866|-5.518231128742618|-12.737015496874038|8.650966497634064|4.671512138934226|-33.80122214872275|-12.877336937817846|-13.519007297895417|4.601857836608794|9.987362653432216|-3.058198078373111|0.519128887034303|1.6751898011899056|-3.7929020359784715|-8.185789987405172|20.179799972050677|-12.585004672481077|L
-18.73680846440257|2.8231715695329185|-3.246612465828252|21.05719240280119|17.324760100419955|-25.041983039111482|4.671512138934226|-11.273446634712151|-16.617878557408762|-7.086251557258853|-42.62501735591624|-42.47290004386296|9.138551630880329|-3.413970854784866|-0.284365805148169|3.9875696859036793|0.4517441594887415|-6.632439191924989|-10.021790892512556|-3.61004093133766|M
-10.818683859640094|38.66631830836931|67.79333414585182|inf|7.587335013055576|-21.219166836905785|-33.80122214872275|-16.617878557408762|57.22997600456048|-18.73680846440257|-8.382749273695621|-15.260597838481374|-1.1276825588344472|-17.21281180872889|14.842401727916746|22.48123631426221|-6.242934803572574|1.6751898011899056|-9.04580716359693|17.777941063170438|H
-14.597539948580069|-3.721255968274418|26.260092403202194|28.97531700756367|0.645194137208712|-3.058198078373111|-12.877336937817846|-7.086251557258853|-18.73680846440257|-4.9065386477744255|-6.430535303448119|-2.76672417765138|-21.733130802146896|11.366191101995547|11.880155067236657|23.176122309794994|-2.3511282005356087|28.312259117662364|8.049354776730084|7.226922586173043|T
-4.124004896578773|-11.804159326805786|-6.0494848258526055|-6.242934803572582|-22.6520208606174|-23.705586883313323|-13.519007297895417|-42.62501735591624|-8.382749273695621|-6.430535303448119|2.0907857783056794|-33.48141622501769|-11.804159326805786|-22.95657644384806|-3.527710199211098|-10.304719894398987|-22.515664553342546|3.2740003396029413|-17.841324199109927|-11.222681639814098|R
11.366191101995547|-21.424023104432706|-2.600008240905087|11.366191101995547|5.892312143999061|-0.5027876311342966|4.601857836608794|-42.47290004386296|-15.260597838481374|-2.76672417765138|-33.48141622501769|-16.10391459216765|13.48512100898936|16.48144334673368|4.308083673424824|17.014326697240374|13.714300686947842|9.517850532594235|13.296706621534213|50.2827995384488|P
-14.597539948580069|6.127384156026727|18.060870065056868|51.16019196919931|4.1111243871343754|3.757174194947254|9.987362653432216|9.138551630880329|-1.1276825588344472|-21.733130802146896|-11.804159326805786|13.48512100898936|11.366191101995547|8.883832729492337|4.872110408694086|-14.316442215197226|10.142745460294387|18.369977762771054|14.507037527157962|-22.748530785200817|Q
-48.83980803080069|11.366191101995547|29.997233525732277|16.48144334673368|4.1111243871343754|16.481443346733677|-3.058198078373111|-3.413970854784866|-17.21281180872889|11.366191101995547|-22.95657644384806|16.48144334673368|8.883832729492337|-16.10391459216765|7.090993059900555|-17.09776684558564|-11.601217610835747|-2.1036662877500674|12.55611343196632|9.345852493166856|N
5.566996404226874|2.934102531991958|25.458875301238574|19.284315706758026|4.1111243871343754|9.471771538149135|0.519128887034303|-0.284365805148169|14.842401727916746|11.880155067236657|-3.527710199211098|4.308083673424824|4.872110408694086|7.090993059900555|8.147722764855427|-13.621556219664443|-11.733021803627066|2.7475763403672167|-6.242934803572582|-4.9065386477744255|A
-1.1276825588344472|-17.400412308604416|43.24206736443683|18.060870065056868|3.448066497233064|-4.9065386477744255|1.6751898011899056|3.9875696859036793|22.48123631426221|23.176122309794994|-10.304719894398987|17.014326697240374|-14.316442215197226|-17.09776684558564|-13.621556219664443|51.16019196919931|-25.431487427463896|31.608210879798587|-13.906340506947068|-11.601217610835747|S
-28.427809765208213|16.481443346733677|20.327268528651242|-18.73680846440257|-14.957952375462593|-12.667024429041406|-3.7929020359784715|0.4517441594887415|-6.242934803572574|-2.3511282005356087|-22.515664553342546|13.714300686947842|10.142745460294387|-11.601217610835747|-11.733021803627066|-25.431487427463896|3.448066497233064|-20.96444793551779|-2.506511007397776|-5.034084842798691|K
4.671512138934226|19.397266220855023|6.183027274708721|18.829552931685967|21.775050865513524|6.2509388572574185|-8.185789987405172|-6.632439191924989|1.6751898011899056|28.312259117662364|3.2740003396029413|9.517850532594235|18.369977762771054|-2.1036662877500674|2.7475763403672167|31.608210879798587|-20.96444793551779|27.751871365862513|3.448066497233064|8.785464741367|G
4.308083673424824|-1.1276825588344472|6.790442045928037|-18.73680846440257|2.823171569532913|-9.842700130724468|20.179799972050677|-10.021790892512556|-9.04580716359693|8.049354776730084|-17.841324199109927|13.296706621534213|14.507037527157962|12.55611343196632|-6.242934803572582|-13.906340506947068|-2.506511007397776|3.448066497233064|-26.654933069165054|9.345852493166856|E
39.620850098992356|-1.1276825588344472|-4.5490926119446105|-18.73680846440257|22.1295789419785|7.5873350130555695|-12.585004672481077|-3.61004093133766|17.777941063170438|7.226922586173043|-11.222681639814098|50.2827995384488|-22.748530785200817|9.345852493166856|-4.9065386477744255|-11.601217610835747|-5.034084842798691|8.785464741367|9.345852493166856|28.97531700756367|D
