W,F,Y,C,I,V,L,M,H,T,R,P,Q,N,A,S,K,G,E,D,AA
16.72101277904613,-3.043318737082666,-9.116449394432715,7.562154367225606,-2.6075992916400543,19.70015914338471,31.047301713779834,-9.407620060294972,-9.672366812492292,-9.672366812492292,-1.9248566656780663,15.16256969630097,9.37231040394884,-22.951722891945515,10.533387794521031,24.391885746971717,-0.8660397089234049,5.955456408954292,11.911579741641608,24.558105398618853,W
-3.043318737082666,62.874695168267216,17.029024340967165,81.35236346188431,8.173644985022834,2.0680067782967253,5.047309184936506,-5.83376729249794,14.330769060308995,-7.811865105701483,-15.789580627858085,-22.57248142713279,1.738522602393964,11.737345190754086,-0.6388174829070766,0.6465410625034107,-0.6151925255569143,9.550416504777806,-12.329529796798816,-2.9179152069385994,F
-9.116449394432715,17.029024340967165,20.61673034809322,31.06805652812482,-1.2291258180466242,-2.2107120816480417,22.689884101843436,-8.854207245985474,46.647019952984216,15.410827557944955,-17.442473131241584,-12.12420956426588,9.946121092039368,18.248815996869165,19.05773274037012,37.13025107843449,-2.858539768689104,-8.362515873569533,-15.033598287183027,-22.09945765387281,Y
7.562154367225606,81.35236346188431,31.06805652812482,inf,34.56501205445972,-6.507321449787973,30.24193731222165,26.469381646642205,inf,37.21297386190293,-11.123447671966124,9.594883335383535,42.461171161903074,12.891948069065792,18.490533333149788,12.577328233102344,-27.828192850159105,10.690952821225896,16.72101277904613,9.89734813105955,C
-2.6075992916400543,8.173644985022834,-1.2291258180466242,34.56501205445972,2.1316200511996617,7.372783527414533,1.8709771754348932,14.010773475521244,4.646247348950711,5.508265379464036,-9.721045444366585,-4.627160702244148,5.766028267410288,-3.048673456057495,10.089694014242792,12.629114732832615,-20.718329237533077,30.685556163272064,5.225943528025575,20.18873064075966,I
19.70015914338471,2.0680067782967253,-2.2107120816480417,-6.507321449787973,7.372783527414533,6.112550856071685,0.8726920233156759,-19.02979086692432,-19.58149467059028,13.181398682728918,-14.1544206933202,-7.937017229620791,9.23536907213505,16.339583392544384,13.582212654616317,16.17108979912863,-9.252755353131477,2.9528469123101284,-7.2747805276622834,10.88500410247704,V
31.047301713779834,5.047309184936506,22.689884101843436,30.24193731222165,1.8709771754348932,0.8726920233156759,17.445550374473633,14.574475313948698,-23.365566851545083,-2.846604423523316,-4.7844414680318055,6.427595895839586,21.402336754097146,-6.487957707120677,6.570650767440471,20.5500696317204,-12.141371962509515,-2.011435482887241,10.936324733774526,-6.474854841373282,L
-9.407620060294972,-5.83376729249794,-8.854207245985474,26.469381646642205,14.010773475521244,-19.02979086692432,14.574475313948698,-17.464990244493496,-31.08836923399126,-4.485928497821392,-39.00138755567179,-33.619794323292595,13.661561644387351,-31.698272636816284,6.205306387084192,8.211578777752564,-18.189227470169087,-6.654427028711621,-7.9882343161742435,4.317813731920732,M
-9.672366812492292,14.330769060308995,46.647019952984216,inf,4.646247348950711,-19.58149467059028,-23.365566851545083,-31.08836923399126,24.65017549498516,-18.31703849206594,-11.440617717372788,-25.785185834477385,1.496005203660191,-35.95444338166454,4.936832801286846,15.580127261365014,-22.543874491413156,-4.294830443329081,-8.09453287626411,-5.025173795660396,H
-9.672366812492292,-7.811865105701483,15.410827557944955,37.21297386190293,5.508265379464036,13.181398682728918,-2.846604423523316,-4.485928497821392,-18.31703849206594,11.4453918542769,-16.401264328202316,-13.379533631298,-4.1803540720970185,8.58839350525823,9.114031479360198,33.35515853628748,-0.0354562500157378,26.26685304125642,-6.385744680055137,11.400039460650085,T
-1.9248566656780663,-15.789580627858085,-17.442473131241584,-11.123447671966124,-9.721045444366585,-14.1544206933202,-4.7844414680318055,-39.00138755567179,-11.440617717372788,-16.401264328202316,-5.200281453635318,-29.412402832073543,-19.174631058730245,-25.71886555173135,-10.263854738876582,-4.135463640540223,-23.33257763649522,-6.0730806301745055,-30.151086688278543,-14.79572837444012,R
15.16256969630097,-22.57248142713279,-12.12420956426588,9.594883335383535,-4.627160702244148,-7.937017229620791,6.427595895839586,-33.619794323292595,-25.785185834477385,-13.379533631298,-29.412402832073543,-14.262984106986206,2.317894543078947,5.696030148998623,-4.158923305222304,11.638866454999164,-8.899068792330365,8.741022853009767,-2.993697308221094,28.1374214273284,P
9.37231040394884,1.738522602393964,9.946121092039368,42.461171161903074,5.766028267410288,9.23536907213505,21.402336754097146,13.661561644387351,1.496005203660191,-4.1803540720970185,-19.174631058730245,2.317894543078947,14.361862276736725,3.317342013526128,-6.837916336742672,-7.721005713304176,-0.9617723168225824,11.355548118359266,2.446902122487475,-22.799809361919134,Q
-22.951722891945515,11.737345190754086,18.248815996869165,12.891948069065792,-3.048673456057495,16.339583392544384,-6.487957707120677,-31.698272636816284,-35.95444338166454,8.58839350525823,-25.71886555173135,5.696030148998623,3.317342013526128,-11.523527842226477,-6.194908733693893,-0.5362776979254069,-21.2856047396174,-2.265374704585436,5.340413437838965,1.9420985135452864,N
10.533387794521031,-0.6388174829070766,19.05773274037012,18.490533333149788,10.089694014242792,13.582212654616317,6.570650767440471,6.205306387084192,4.936832801286846,9.114031479360198,-10.263854738876582,-4.158923305222304,-6.837916336742672,-6.194908733693893,4.664755136488841,-5.315083872888116,-18.137191549353464,4.408983462435972,-19.42896181770945,6.49033579682061,A
24.391885746971717,0.6465410625034107,37.13025107843449,12.577328233102344,12.629114732832615,16.17108979912863,20.5500696317204,8.211578777752564,15.580127261365014,33.35515853628748,-4.135463640540223,11.638866454999164,-7.721005713304176,-0.5362776979254069,-5.315083872888116,61.10753952277664,-12.970746755301835,35.5564463282401,-9.682861511197672,-0.5691414514348248,S
-0.8660397089234049,-0.6151925255569143,-2.858539768689104,-27.828192850159105,-20.718329237533077,-9.252755353131477,-12.141371962509515,-18.189227470169087,-22.543874491413156,-0.0354562500157378,-23.33257763649522,-8.899068792330365,-0.9617723168225824,-21.2856047396174,-18.137191549353464,-12.970746755301835,-26.406532923485397,-21.087789418288168,-20.76796850312936,-21.09731610621871,K
5.955456408954292,9.550416504777806,-8.362515873569533,10.690952821225896,30.685556163272064,2.9528469123101284,-2.011435482887241,-6.654427028711621,-4.294830443329081,26.26685304125642,-6.0730806301745055,8.741022853009767,11.355548118359266,-2.265374704585436,4.408983462435972,35.5564463282401,-21.087789418288168,37.50582974815845,4.342287921461264,5.722292666342169,G
11.911579741641608,-12.329529796798816,-15.033598287183027,16.72101277904613,5.225943528025575,-7.2747805276622834,10.936324733774526,-7.9882343161742435,-8.09453287626411,-6.385744680055137,-30.151086688278543,-2.993697308221094,2.446902122487475,5.340413437838965,-19.42896181770945,-9.682861511197672,-20.76796850312936,4.342287921461264,-17.899714951697085,-16.323576169609943,E
24.558105398618853,-2.9179152069385994,-22.09945765387281,9.89734813105955,20.18873064075966,10.88500410247704,-6.474854841373282,4.317813731920732,-5.025173795660396,11.400039460650085,-14.79572837444012,28.1374214273284,-22.799809361919134,1.9420985135452864,6.49033579682061,-0.5691414514348248,-21.09731610621871,5.722292666342169,-16.323576169609943,32.18028713288923,D
