W,F,Y,C,I,V,L,M,H,T,R,P,Q,N,A,S,K,G,E,D,AA
-7.906239770289917,-48.763054418169,-51.05962721225775,-20.123234053559667,-33.03836557120317,-6.780464143214708,-4.776379918932978,-41.53399673505954,-30.596872042237138,-23.247735942712545,-22.095664972459947,-9.64269007778318,-1.5521924060092345,-27.434179784019108,1.5552788774892592,19.60674457677344,-1.9378323617446336,5.991074475307113,9.841404486030836,27.1571063104916,W
-48.763054418169,42.85682394983055,-25.24004635621178,50.412149936710016,-31.14106928373593,-31.129827908210327,-33.56765766276957,-43.014543085386606,1.9173877768700145,-18.988135120601733,-23.16061534567229,-31.18918148275221,4.637923935640001,12.998204639851652,-11.160228402867023,-0.1668701321540101,8.391552495726714,10.521264635009835,-0.2412089220900056,11.162347690504422,F
-51.05962721225775,-25.24004635621178,5.783694497527861,6.618242345539793,-33.18142040136431,-29.330539934407668,-6.434569156356929,-39.09632520459109,18.32947931849626,-0.6455280594380431,-40.06999170758521,-35.18908820671881,-0.337966517242263,5.106491312847399,10.687629371018108,28.73909507030157,-13.217480133807817,-12.860644690568046,-23.6231182476677,-32.63155990066665,Y
-20.123234053559667,50.412149936710016,6.618242345539793,inf,9.149307988017284,-27.714612590910782,9.889020434518711,6.452871521932114,inf,34.43013361508596,-12.129920886630716,8.241178612811645,56.1256771517855,20.552688472973035,19.439147568082287,19.88148736179769,-14.156963237549103,18.075748468130616,37.41627447743077,32.54710134025381,C
-33.03836557120317,-31.14106928373593,-33.18142040136431,9.149307988017284,-10.901958833605995,-28.32347094760312,-35.70983701015405,-14.894348565716715,3.251419055407021,-1.8933185058986253,-8.959923154381636,-0.3273835267272458,16.326014404882823,10.856025292467349,1.8243597828134892,21.57915941197528,-6.907558402389114,41.95829547994448,24.50114295978288,43.935774691236674,I
-6.780464143214708,-31.129827908210327,-29.330539934407668,-27.714612590910782,-28.32347094760312,1.9403228459200088,-30.27952982487441,-41.6002800304924,-19.78223170689539,7.024370867599034,-12.470946967089002,-1.5554582291069547,20.17689487183929,29.319709327247782,6.721783617586333,25.84563585604778,4.301058917529969,13.80939247290494,11.941027249482952,33.39599758976504,V
-4.776379918932978,-33.56765766276957,-6.434569156356929,9.889020434518711,-35.70983701015405,-30.27952982487441,9.082314821173652,-11.52174224698188,-22.52061247542725,-4.149928397142691,-4.886391842928476,11.09415908660382,32.351868685104144,11.121094236521635,2.0894287268672715,34.12880306627501,7.662423860739413,14.71393826704037,34.0544642763385,23.115507103801587,L
-41.53399673505954,-43.014543085386606,-39.09632520459109,6.452871521932114,-14.894348565716715,-41.6002800304924,-11.52174224698188,-14.959049818894677,-34.123766033146055,-8.065965597905201,-37.016894194051794,-33.12681955921059,25.02391316948168,-21.9434107400166,5.0864923151525705,16.079850585864932,-0.8889772965848814,2.46418048439958,10.890259551191075,23.6302123195829,M
-30.596872042237138,1.9173877768700145,18.32947931849626,inf,3.251419055407021,-19.78223170689539,-22.52061247542725,-34.123766033146055,26.296919688554382,-20.759307507818104,-16.388768200425968,-22.644457641461354,7.630914991946352,-34.63675264992802,23.232259936275128,19.09885067392428,-10.36385086935682,7.602110479452027,-11.078487682411216,-12.168804730647643,H
-23.247735942712545,-18.988135120601733,-0.6455280594380431,34.43013361508596,-1.8933185058986253,7.024370867599034,-4.149928397142691,-8.065965597905201,-20.759307507818104,40.99602463908528,-13.782097093714311,-2.8014478811069643,5.289049790666349,13.288918067996777,23.88671707273908,44.05711267901693,14.594411135736864,40.914977629551984,11.246880450447229,25.283330935276577,T
-22.095664972459947,-23.16061534567229,-40.06999170758521,-12.129920886630716,-8.959923154381636,-12.470946967089002,-4.886391842928476,-37.016894194051794,-16.388768200425968,-13.782097093714311,22.214845974977653,-27.973520388313595,-17.447088130595432,-24.5561188618279,8.124548132955406,3.296252875071527,-1.862643799579888,6.412316248422973,-50.2894060846006,-34.74658095618379,R
-9.64269007778318,-31.18918148275221,-35.18908820671881,8.241178612811645,-0.3273835267272458,-1.5554582291069547,11.09415908660382,-33.12681955921059,-22.644457641461354,-2.8014478811069643,-27.973520388313595,23.836233558338048,14.318346599528178,18.5393587879184,17.425817883026788,30.362031337572382,18.50845569986033,28.55629244390592,21.57267497574582,50.94576992079124,P
-1.5521924060092345,4.637923935640001,-0.337966517242263,56.1256771517855,16.326014404882823,20.17689487183929,32.351868685104144,25.02391316948168,7.630914991946352,5.289049790666349,-17.447088130595432,14.318346599528178,54.28398219509936,13.59647961019183,22.17394000610533,11.345851780692632,18.680828766871407,36.64679011567949,25.88431655857969,-2.0297487164239776,Q
-27.434179784019108,12.998204639851652,5.106491312847399,20.552688472973035,10.856025292467349,29.319709327247782,11.121094236521635,-21.9434107400166,-34.63675264992802,13.288918067996777,-24.5561188618279,18.5393587879184,13.59647961019183,13.24090529810706,21.819203138427667,9.09433100541686,-5.977712969435581,13.567675097696258,24.99007650223129,11.40588579316594,N
1.5552788774892592,-11.160228402867023,10.687629371018108,19.439147568082287,1.8243597828134892,6.721783617586333,2.0894287268672715,5.0864923151525705,23.232259936275128,23.88671707273908,8.124548132955406,17.425817883026788,22.17394000610533,21.819203138427667,48.68938821716785,21.148002027252268,17.212550994302656,30.06326009837228,21.0736632373154,46.30748966653778,A
19.60674457677344,-0.1668701321540101,28.73909507030157,19.88148736179769,21.57915941197528,25.84563585604778,34.12880306627501,16.079850585864932,19.09885067392428,44.05711267901693,3.296252875071527,30.362031337572382,11.345851780692632,9.09433100541686,21.148002027252268,107.32302447411256,10.960211824957396,57.80572709846189,14.307360102729206,17.870275535556406,S
-1.9378323617446336,8.391552495726714,-13.217480133807817,-14.156963237549103,-6.907558402389114,4.301058917529969,7.662423860739413,-0.8889772965848814,-10.36385086935682,14.594411135736864,-1.862643799579888,18.50845569986033,18.680828766871407,-5.977712969435581,17.212550994302656,10.960211824957396,35.90356979259262,6.158150593546406,-25.01632122914642,-28.50666591775866,K
5.991074475307113,10.521264635009835,-12.860644690568046,18.075748468130616,41.95829547994448,13.80939247290494,14.71393826704037,2.46418048439958,7.602110479452027,40.914977629551984,6.412316248422973,28.55629244390592,36.64679011567949,13.567675097696258,30.06326009837228,57.80572709846189,6.158150593546406,80.98729223085613,40.122262402956935,31.776878639860342,G
9.841404486030836,-0.2412089220900056,-23.6231182476677,37.41627447743077,24.50114295978288,11.941027249482952,34.0544642763385,10.890259551191075,-11.078487682411216,11.246880450447229,-50.2894060846006,21.57267497574582,25.88431655857969,24.99007650223129,21.0736632373154,14.307360102729206,-25.01632122914642,40.122262402956935,59.46222045091086,28.269471797621687,E
27.1571063104916,11.162347690504422,-32.63155990066665,32.54710134025381,43.935774691236674,33.39599758976504,23.115507103801587,23.6302123195829,-12.168804730647643,25.283330935276577,-34.74658095618379,50.94576992079124,-2.0297487164239776,11.40588579316594,46.30748966653778,17.870275535556406,-28.50666591775866,31.776878639860342,28.269471797621687,97.4359322630697,D
