W|F|Y|C|I|V|L|M|H|T|R|P|Q|N|A|S|K|G|E|D|AA
-24.38768311702359|-28.322912023888392|-51.35598856488433|-11.077426889962739|-5.7585375743379625|-8.756204958377133|-1.3624090641481104|-22.79718827065696|-19.77818818259705|-8.650195994132478|-17.971660075881175|-21.008881179778726|13.045347542570838|21.405628246781585|-4.011717526737618|20.734427135607884|26.489977403463584|1.3195623363728834|5.533320812606014|-12.463743788500754|W
-28.322912023888392|-35.02054085967015|-64.72581252610826|-12.142377263172976|-41.21076266929472|-30.362557776258402|-40.65865072267013|-45.83771465491952|-36.748930531499305|-15.26687915232732|-11.356456018866506|-9.765158378319509|-1.4894602203867215|1.6320135378561043|-14.094330934858979|17.233542176450403|-8.08989085100696|-8.87600158584519|0.8864736367444482|12.290030249338862|F
-51.35598856488433|-64.72581252610826|-36.75788271004311|-22.357074662023873|-33.153276272676194|-27.68273800699244|-35.11938709957988|-35.84971273876284|-49.463854827355554|-26.905620462640233|-34.0205068817326|-32.589079965813724|-18.398836582299126|-24.89074221288488|-14.771245930220466|-14.50297229413525|-33.54474866245906|-19.043671965276765|-30.413560293595737|-28.082467288722036|Y
-11.077426889962739|-12.142377263172976|-22.357074662023873|46.59761182024048|-19.82600901954639|-10.90831964604688|-4.4734930052211475|-14.604320880869077|-38.691998021464244|5.454816607522282|-5.886986083058137|-3.125012489183902|4.965485182586192|4.071245126239357|0.15483186132425392|1.8206172967408292|4.5798452268534655|-0.753804463555353|56.15308294183333|51.28390980465638|C
-5.7585375743379625|-41.21076266929472|-33.153276272676194|-19.82600901954639|-1.059258702881522|-27.692130341923676|-30.191605881411434|-32.219108666136684|-4.335915957648554|-2.5385126431073424|13.692097706235767|-6.219695670726297|12.214890017748441|6.744900905332975|-2.2867646043208882|18.131092914742208|8.050393973073477|20.183244614430947|21.677971390249965|21.80619574925817|I
-8.756204958377133|-30.362557776258402|-27.68273800699244|-10.90831964604688|-27.692130341923676|9.97609731908436|-17.54251432800038|-16.558296991380914|1.4369351300103888|10.082568945972142|11.234639916224317|-1.0526705979726594|16.419720676892045|12.838265980514107|-2.7499879205627984|30.75217450382221|16.968083346571373|7.558453615647519|21.783727380207417|25.808662576709462|V
-1.3624090641481104|-40.65865072267013|-35.11938709957988|-4.4734930052211475|-30.191605881411434|-17.54251432800038|0.4313483235395905|-16.19325438591611|11.280609673295507|8.727408540675151|8.632615454966944|6.492301249995028|22.364506031671926|14.179292314894749|1.5702998398329682|32.45361326508511|11.455325896717882|22.899728254445545|13.874664304287828|35.70051177628266|L
-22.79718827065696|-45.83771465491952|-35.84971273876284|-14.604320880869077|-32.219108666136684|-16.558296991380914|-16.19325438591611|-3.6856031841825327|-17.505887475737286|-0.9797140406463511|5.608123161864452|9.346080484652376|15.885361538601359|-18.52943988523173|5.370858120300744|12.092280899961256|-1.340721456073617|9.096619676324572|20.912050443703635|27.240253250920553|M
-19.77818818259705|-36.748930531499305|-49.463854827355554|-38.691998021464244|-4.335915957648554|1.4369351300103888|11.280609673295507|-17.505887475737286|-30.93305631600609|-2.0224990434155306|-8.00601892673035|-7.383859802979978|8.758597550780797|-17.423940841199133|8.389858208358387|-3.3823856403379233|-4.120916065784239|5.926920678262122|-2.0326805188142836|-29.946745793818092|H
-8.650195994132478|-15.26687915232732|-26.905620462640233|5.454816607522282|-2.5385126431073424|10.082568945972142|8.727408540675151|-0.9797140406463511|-2.0224990434155306|45.90256328685971|-7.351561790266194|-0.03472370345558167|27.02218059281324|1.9227269660012245|12.006562005502424|20.880990369221934|16.945539336272468|12.602718511889618|3.1975256737171462|18.056408349103535|T
-17.971660075881175|-11.356456018866506|-34.0205068817326|-5.886986083058137|13.692097706235767|11.234639916224317|8.632615454966944|5.608123161864452|-8.00601892673035|-7.351561790266194|20.124060196671973|5.5078958367041055|-5.642928803789642|-1.5995424179798476|11.652258332166506|13.600972769470504|20.653020753762654|3.1383159088200383|-32.44808188549067|-23.523899316369693|R
-21.008881179778726|-9.765158378319509|-32.589079965813724|-3.125012489183902|-6.219695670726297|-1.0526705979726594|6.492301249995028|9.346080484652376|-7.383859802979978|-0.03472370345558167|5.5078958367041055|39.940148150505706|0.8332255905388256|2.057915441184716|13.117734209601966|13.347704640332015|4.794155012912493|19.038441911311683|8.275968354211603|0.6629703823424484|P
13.045347542570838|-1.4894602203867215|-18.398836582299126|4.965485182586192|12.214890017748441|16.419720676892045|22.364506031671926|15.885361538601359|8.758597550780797|27.02218059281324|-5.642928803789642|0.8332255905388256|42.91779109310381|4.712646880699495|17.30182959741124|25.66229399588986|8.538083306577022|18.276812352908443|11.377279031421732|20.718782068776836|Q
21.405628246781585|1.6320135378561043|-24.89074221288488|4.071245126239357|6.744900905332975|12.838265980514107|14.179292314894749|-18.52943988523173|-17.423940841199133|1.9227269660012245|-1.5995424179798476|2.057915441184716|4.712646880699495|29.34481989027472|14.728210078527113|26.1920978510025|5.623504641400159|15.67134138544633|12.433963070264966|2.0600332999990894|N
-4.011717526737618|-14.094330934858979|-14.771245930220466|0.15483186132425392|-2.2867646043208882|-2.7499879205627984|1.5702998398329682|5.370858120300744|8.389858208358387|12.006562005502424|11.652258332166506|13.117734209601966|17.30182959741124|14.728210078527113|40.54166545231243|34.76955824691671|28.945572797929724|27.315683758005054|27.31659804088799|51.21402831431221|A
20.734427135607884|17.233542176450403|-14.50297229413525|1.8206172967408292|18.131092914742208|30.75217450382221|32.45361326508511|12.092280899961256|-3.3823856403379233|20.880990369221934|13.600972769470504|13.347704640332015|25.66229399588986|26.1920978510025|34.76955824691671|56.16283250491326|36.39169925242129|26.197516218663303|28.213700609676273|29.471493146392152|S
26.489977403463584|-8.08989085100696|-33.54474866245906|4.5798452268534655|8.050393973073477|16.968083346571373|11.455325896717882|-1.340721456073617|-4.120916065784239|16.945539336272468|20.653020753762654|4.794155012912493|8.538083306577022|5.623504641400159|28.945572797929724|36.39169925242129|32.455503295359556|27.122598529064202|-22.509810221748644|-23.47258107495997|K
1.3195623363728834|-8.87600158584519|-19.043671965276765|-0.753804463555353|20.183244614430947|7.558453615647519|22.899728254445545|9.096619676324572|5.926920678262122|12.602718511889618|3.1383159088200383|19.038441911311683|18.276812352908443|15.67134138544633|27.315683758005054|26.197516218663303|27.122598529064202|53.23542086499361|36.67419590572387|22.99141389849334|G
5.533320812606014|0.8864736367444482|-30.413560293595737|56.15308294183333|21.677971390249965|21.783727380207417|13.874664304287828|20.912050443703635|-2.0326805188142836|3.1975256737171462|-32.44808188549067|8.275968354211603|11.377279031421732|12.433963070264966|27.31659804088799|28.213700609676273|-22.509810221748644|36.67419590572387|86.11715352007593|18.923619304454835|E
-12.463743788500754|12.290030249338862|-28.082467288722036|51.28390980465638|21.80619574925817|25.808662576709462|35.70051177628266|27.240253250920553|-29.946745793818092|18.056408349103535|-23.523899316369693|0.6629703823424484|20.718782068776836|2.0600332999990894|51.21402831431221|29.471493146392152|-23.47258107495997|22.99141389849334|18.923619304454835|68.46061525550603|D
