W|F|Y|C|I|V|L|M|H|T|R|P|Q|N|A|S|K|G|E|D|AA
-24.62725254933604|-45.71973568108633|-41.94317781782504|-27.685388420785273|-30.430766279563127|-26.48062328659942|-35.82368163271282|-32.126376674764565|-20.924505229744852|-13.575369130220253|-20.17080830678188|-24.805259774084153|-10.92450280995807|-4.48245689207359|-8.97810891703178|-4.785141170198274|-1.0717926528212336|0.035618066352823344|-2.070175255610772|2.599000911872742|W
-45.71973568108633|-20.01787121843667|-42.26907069717894|-30.940213525174304|-39.31471426875877|-33.19783468650705|-38.614966847706064|-37.18077579288866|-12.41338128343898|-11.176270014900254|-7.371034717814201|-8.616700055619422|2.899401333246038|1.2608594490975638|-10.521410919959948|-0.8134111946574242|9.006745021283635|0.9708481302320286|12.088320874708812|14.080262897443022|F
-41.94317781782504|-42.26907069717894|-14.83303585056536|-24.449814182585026|-31.952294583317688|-27.119827852759627|-29.124453258200372|-30.242117958605615|-28.317540634487955|-16.056355617383|-22.62751857634363|-23.06487864245292|-10.284087609281633|-13.142324684021766|-8.370103369352009|-8.391156008132917|-10.358940365118716|-4.49812881699851|-8.589519960484667|-10.532102246793835|Y
-27.685388420785273|-30.940213525174304|-24.449814182585026|-46.37946367998809|-25.415704066442434|-21.207291141122813|-20.35291687770294|-20.016510124710095|-16.130436324870164|-2.7828402468169715|-1.0064732146645918|-1.353704722571886|13.664505989882429|7.660740403907249|0.9486142349324982|7.304159128695349|13.671229612609997|7.384795646904725|20.69526169838463|22.649753209194255|C
-30.430766279563127|-39.31471426875877|-31.952294583317688|-25.415704066442434|-13.033578884805653|-35.69625447501766|-37.58081418558895|-28.905122041237963|-1.3948282935436924|-7.4015838853626645|0.7611222899849543|4.299777175516911|10.559986137472524|13.904698748524847|-8.265334231429303|8.950044679142659|13.810770835143959|11.272739316672414|19.275199431757308|23.747044050477008|I
-26.48062328659942|-33.19783468650705|-27.119827852759627|-21.207291141122813|-35.69625447501766|-4.172228010151676|-31.15222184819009|-22.570489163568077|-0.20073703630511536|-6.1570278151298865|1.6834737262311983|6.38155900051384|10.941525799704246|12.980125934703398|-6.860429037029986|9.674546056919159|13.553814270661443|10.856545560594808|19.215807777145237|22.510993487287994|V
-35.82368163271282|-38.614966847706064|-29.124453258200372|-20.35291687770294|-37.58081418558895|-31.15222184819009|-8.363235553299978|-26.09621756093058|0.8449543761178376|-1.3033239736193765|-0.10195037489666806|4.6665631907642355|10.949531931006993|17.609051943642317|-4.481222040573199|13.578733434554612|19.803795823248926|16.725373749927613|23.118139542563977|29.590361945174866|L
-32.126376674764565|-37.18077579288866|-30.242117958605615|-20.016510124710095|-28.905122041237963|-22.570489163568077|-26.09621756093058|2.5059404255988142|-3.035396799154789|-3.5800371000838154|1.9844933616199965|0.49297476408200785|11.362351525094327|9.754861896799682|-1.1188140719316222|7.86827180811237|17.30025017358421|9.118607513111202|18.87849386736532|19.31239858766216|M
-20.924505229744852|-12.41338128343898|-28.317540634487955|-16.130436324870164|-1.3948282935436924|-0.20073703630511536|0.8449543761178376|-3.035396799154789|1.6467441935692222|-2.4422690157521574|-4.948150483053182|3.140728193016032|6.134909788286164|1.3176907317365258|18.29542713498828|3.51872341255927|12.180023622056336|11.896940922781107|-2.9839548061471097|-7.143630934987244|H
-13.575369130220253|-11.176270014900254|-16.056355617383|-2.7828402468169715|-7.4015838853626645|-6.1570278151298865|-1.3033239736193765|-3.5800371000838154|-2.4422690157521574|29.550632784808396|2.619167234488011|10.578085750191038|9.46940386276337|4.700524562738545|14.772685593378887|10.701954142729454|14.629867385752599|14.64812458829556|17.632625130502372|13.883291474626494|T
-20.17080830678188|-7.371034717814201|-22.62751857634363|-1.0064732146645918|0.7611222899849543|1.6834737262311983|-0.10195037489666806|1.9844933616199965|-4.948150483053182|2.619167234488011|27.41512742861297|1.4388824437599497|1.7275429281348145|1.1627466899034475|18.388402871831982|7.431716515611751|21.469933836915327|12.485396878597482|-20.13831939632205|-19.95085258174367|R
-24.805259774084153|-8.616700055619422|-23.06487864245292|-1.353704722571886|4.299777175516911|6.38155900051384|4.6665631907642355|0.49297476408200785|3.140728193016032|10.578085750191038|1.4388824437599497|38.09921766532426|12.000452056449234|12.843328638919768|21.584741188249097|18.723164882573222|27.4075244921907|19.815269590896143|24.566372283966903|22.808348493462844|P
-10.92450280995807|2.899401333246038|-10.284087609281633|13.664505989882429|10.559986137472524|10.941525799704246|10.949531931006993|11.362351525094327|6.134909788286164|9.46940386276337|1.7275429281348145|12.000452056449234|39.92211991836264|10.279137596665706|29.011856342848|19.066857493996803|19.642601083693986|25.29124199732023|23.437414436092226|20.770060645495157|Q
-4.48245689207359|1.2608594490975638|-13.142324684021766|7.660740403907249|13.904698748524847|12.980125934703398|17.609051943642317|9.754861896799682|1.3176907317365258|4.700524562738545|1.1627466899034475|12.843328638919768|10.279137596665706|24.76443314033354|28.014111872121568|9.630608703342261|15.307891770181817|15.833049802281698|19.64966306439232|9.463787279620657|N
-8.97810891703178|-10.521410919959948|-8.370103369352009|0.9486142349324982|-8.265334231429303|-6.860429037029986|-4.481222040573199|-1.1188140719316222|18.29542713498828|14.772685593378887|18.388402871831982|21.584741188249097|29.011856342848|28.014111872121568|44.024633080679024|26.463085900140392|35.34974254365611|25.654276635936302|40.50262505502486|39.817153869717174|A
-4.785141170198274|-0.8134111946574242|-8.391156008132917|7.304159128695349|8.950044679142659|9.674546056919159|13.578733434554612|7.86827180811237|3.51872341255927|10.701954142729454|7.431716515611751|18.723164882573222|19.066857493996803|9.630608703342261|26.463085900140392|46.21548495133593|23.930958580259237|22.249280770221784|23.990221613926867|18.43941698699123|S
-1.0717926528212336|9.006745021283635|-10.358940365118716|13.671229612609997|13.810770835143959|13.553814270661443|19.803795823248926|17.30025017358421|12.180023622056336|14.629867385752599|21.469933836915327|27.4075244921907|19.642601083693986|15.307891770181817|35.34974254365611|23.930958580259237|62.310102716078006|27.24594001183458|-4.248352726017064|-7.409349811539953|K
0.035618066352823344|0.9708481302320286|-4.49812881699851|7.384795646904725|11.272739316672414|10.856545560594808|16.725373749927613|9.118607513111202|11.896940922781107|14.64812458829556|12.485396878597482|19.815269590896143|25.29124199732023|15.833049802281698|25.654276635936302|22.249280770221784|27.24594001183458|43.481462482697665|35.77997448149568|26.054585973518172|G
-2.070175255610772|12.088320874708812|-8.589519960484667|20.69526169838463|19.275199431757308|19.215807777145237|23.118139542563977|18.87849386736532|-2.9839548061471097|17.632625130502372|-20.13831939632205|24.566372283966903|23.437414436092226|19.64966306439232|40.50262505502486|23.990221613926867|-4.248352726017064|35.77997448149568|77.36193540260797|44.593047967231634|E
2.599000911872742|14.080262897443022|-10.532102246793835|22.649753209194255|23.747044050477008|22.510993487287994|29.590361945174866|19.31239858766216|-7.143630934987244|13.883291474626494|-19.95085258174367|22.808348493462844|20.770060645495157|9.463787279620657|39.817153869717174|18.43941698699123|-7.409349811539953|26.054585973518172|44.593047967231634|65.25564513018047|D
