W,F,Y,C,I,V,L,M,H,T,R,P,Q,N,A,S,K,G,E,D,AA
0.0008238740388136,0.0022885389967045,0.0028377883559135,0.0004577077993409,0.0021054558769681,0.0026547052361772,0.0033870377151226,0.0014646649578908,0.0010984987184181,0.0020139143170999,0.002563163676309,0.0021969974368363,0.0010069571585499,0.0007323324789454,0.0032039545953863,0.0010984987184181,0.0007323324789454,0.0021969974368363,0.001556206517759,0.0021054558769681,W
0.0022885389967045,0.0067740754302453,0.0097949469058952,0.0011900402782863,0.0120834859025997,0.0110765287440497,0.0212376418894177,0.0063163676309044,0.0041193701940681,0.0059502013914317,0.0055840351519589,0.0043024533138044,0.003570120834859,0.0029293299157817,0.0102526547052361,0.0030208714756499,0.0041193701940681,0.0070487001098498,0.0043939948736726,0.0030208714756499,F
0.0028377883559135,0.0097949469058952,0.0037532039545953,0.0010984987184181,0.0073233247894544,0.0075979494690589,0.0136396924203588,0.0036616623947272,0.0040278286341999,0.0056755767118271,0.0068656169901135,0.0053094104723544,0.0038447455144635,0.0039362870743317,0.0075979494690589,0.004577077993409,0.0054009520322226,0.0064994507506407,0.0065909923105089,0.0055840351519589,Y
0.0004577077993409,0.0011900402782863,0.0010984987184181,9.154155986818016e-05,0.0021969974368363,0.0021054558769681,0.0027462467960454,0.0009154155986818,0.0012815818381545,0.0010984987184181,0.0014646649578908,0.0010984987184181,0.0009154155986818,0.0008238740388136,0.0021969974368363,0.0012815818381545,0.0009154155986818,0.0017392896374954,0.0003661662394727,0.0003661662394727,C
0.0021054558769681,0.0120834859025997,0.0073233247894544,0.0021969974368363,0.0074148663493225,0.0161113145367997,0.0258147198828268,0.007140241669718,0.0030208714756499,0.0068656169901135,0.0048517026730135,0.006133284511168,0.0040278286341999,0.0040278286341999,0.0120834859025997,0.004577077993409,0.0043939948736726,0.0055840351519589,0.0042109117539362,0.0037532039545953,I
0.0026547052361772,0.0110765287440497,0.0075979494690589,0.0021054558769681,0.0161113145367997,0.0079641157085316,0.0227023068473086,0.0058586598315635,0.0031124130355181,0.0060417429512998,0.0060417429512998,0.0064079091907726,0.0043024533138044,0.0041193701940681,0.0143720248993042,0.0040278286341999,0.0042109117539362,0.0087879897473452,0.0049432442328817,0.0040278286341999,V
0.0033870377151226,0.0212376418894177,0.0136396924203588,0.0027462467960454,0.0258147198828268,0.0227023068473086,0.0227023068473086,0.0087879897473452,0.0037532039545953,0.0094287806664225,0.009703405346027,0.008147198828268,0.0056755767118271,0.0060417429512998,0.0196814353716587,0.0058586598315635,0.0072317832295862,0.0093372391065543,0.0089710728670816,0.0048517026730135,L
0.0014646649578908,0.0063163676309044,0.0036616623947272,0.0009154155986818,0.007140241669718,0.0058586598315635,0.0087879897473452,0.0017392896374954,0.0019223727572317,0.0031124130355181,0.0027462467960454,0.0020139143170999,0.0017392896374954,0.0033870377151226,0.0047601611131453,0.0024716221164408,0.002563163676309,0.0033870377151226,0.0020139143170999,0.001556206517759,M
0.0010984987184181,0.0041193701940681,0.0040278286341999,0.0012815818381545,0.0030208714756499,0.0031124130355181,0.0037532039545953,0.0019223727572317,0.0021054558769681,0.002563163676309,0.0030208714756499,0.0023800805565726,0.0016477480776272,0.0026547052361772,0.003570120834859,0.0028377883559135,0.0021969974368363,0.0029293299157817,0.0027462467960454,0.0046686195532771,H
0.0020139143170999,0.0059502013914317,0.0056755767118271,0.0010984987184181,0.0068656169901135,0.0060417429512998,0.0094287806664225,0.0031124130355181,0.002563163676309,0.0020139143170999,0.0070487001098498,0.0047601611131453,0.002563163676309,0.0040278286341999,0.0077810325887953,0.0038447455144635,0.0032039545953863,0.0059502013914317,0.0057671182716953,0.0036616623947272,T
0.002563163676309,0.0055840351519589,0.0068656169901135,0.0014646649578908,0.0048517026730135,0.0060417429512998,0.009703405346027,0.0027462467960454,0.0030208714756499,0.0070487001098498,0.0038447455144635,0.0043024533138044,0.0055840351519589,0.0044855364335408,0.0080556572683998,0.0046686195532771,0.0030208714756499,0.0075979494690589,0.0134566093006224,0.0097949469058952,R
0.0021969974368363,0.0043024533138044,0.0053094104723544,0.0010984987184181,0.006133284511168,0.0064079091907726,0.008147198828268,0.0020139143170999,0.0023800805565726,0.0047601611131453,0.0043024533138044,0.001556206517759,0.0038447455144635,0.0032954961552544,0.0062248260710362,0.0037532039545953,0.0034785792749908,0.0042109117539362,0.0042109117539362,0.0044855364335408,P
0.0010069571585499,0.003570120834859,0.0038447455144635,0.0009154155986818,0.0040278286341999,0.0043024533138044,0.0056755767118271,0.0017392896374954,0.0016477480776272,0.002563163676309,0.0055840351519589,0.0038447455144635,0.0014646649578908,0.0031124130355181,0.0056755767118271,0.0028377883559135,0.0032039545953863,0.0043024533138044,0.0039362870743317,0.0028377883559135,Q
0.0007323324789454,0.0029293299157817,0.0039362870743317,0.0008238740388136,0.0040278286341999,0.0041193701940681,0.0060417429512998,0.0033870377151226,0.0026547052361772,0.0040278286341999,0.0044855364335408,0.0032954961552544,0.0031124130355181,0.001556206517759,0.0053094104723544,0.0024716221164408,0.0030208714756499,0.0040278286341999,0.0033870377151226,0.0038447455144635,N
0.0032039545953863,0.0102526547052361,0.0075979494690589,0.0021969974368363,0.0120834859025997,0.0143720248993042,0.0196814353716587,0.0047601611131453,0.003570120834859,0.0077810325887953,0.0080556572683998,0.0062248260710362,0.0056755767118271,0.0053094104723544,0.007140241669718,0.0049432442328817,0.0043024533138044,0.0075064079091907,0.0058586598315635,0.0030208714756499,A
0.0010984987184181,0.0030208714756499,0.004577077993409,0.0012815818381545,0.004577077993409,0.0040278286341999,0.0058586598315635,0.0024716221164408,0.0028377883559135,0.0038447455144635,0.0046686195532771,0.0037532039545953,0.0028377883559135,0.0024716221164408,0.0049432442328817,0.0018308311973636,0.0021969974368363,0.0046686195532771,0.0034785792749908,0.0030208714756499,S
0.0007323324789454,0.0041193701940681,0.0054009520322226,0.0009154155986818,0.0043939948736726,0.0042109117539362,0.0072317832295862,0.002563163676309,0.0021969974368363,0.0032039545953863,0.0030208714756499,0.0034785792749908,0.0032039545953863,0.0030208714756499,0.0043024533138044,0.0021969974368363,0.0018308311973636,0.0034785792749908,0.0085133650677407,0.0077810325887953,K
0.0021969974368363,0.0070487001098498,0.0064994507506407,0.0017392896374954,0.0055840351519589,0.0087879897473452,0.0093372391065543,0.0033870377151226,0.0029293299157817,0.0059502013914317,0.0075979494690589,0.0042109117539362,0.0043024533138044,0.0040278286341999,0.0075064079091907,0.0046686195532771,0.0034785792749908,0.0032039545953863,0.0036616623947272,0.0044855364335408,G
0.001556206517759,0.0043939948736726,0.0065909923105089,0.0003661662394727,0.0042109117539362,0.0049432442328817,0.0089710728670816,0.0020139143170999,0.0027462467960454,0.0057671182716953,0.0134566093006224,0.0042109117539362,0.0039362870743317,0.0033870377151226,0.0058586598315635,0.0034785792749908,0.0085133650677407,0.0036616623947272,0.0009154155986818,0.0038447455144635,E
0.0021054558769681,0.0030208714756499,0.0055840351519589,0.0003661662394727,0.0037532039545953,0.0040278286341999,0.0048517026730135,0.001556206517759,0.0046686195532771,0.0036616623947272,0.0097949469058952,0.0044855364335408,0.0028377883559135,0.0038447455144635,0.0030208714756499,0.0030208714756499,0.0077810325887953,0.0044855364335408,0.0038447455144635,0.0010984987184181,D
