W|F|Y|C|I|V|L|M|H|T|R|P|Q|N|A|S|K|G|E|D|AA
0.0008238740388136214|0.0022885389967045038|0.0028377883559135846|0.0004577077993409008|0.0021054558769681435|0.0026547052361772243|0.003387037715122666|0.0014646649578908824|0.0010984987184181618|0.0020139143170999634|0.002563163676309044|0.0021969974368363236|0.0010069571585499817|0.0007323324789454412|0.0032039545953863055|0.0010984987184181618|0.0007323324789454412|0.0021969974368363236|0.0015562065177590627|0.0021054558769681435|W
0.0022885389967045038|0.006774075430245332|0.009794946905895276|0.001190040278286342|0.012083485902599781|0.011076528744049798|0.021237641889417794|0.006316367630904431|0.004119370194068107|0.00595020139143171|0.005584035151958989|0.004302453313804467|0.003570120834859026|0.0029293299157817647|0.010252654705236177|0.0030208714756499453|0.004119370194068107|0.007048700109849872|0.004393994873672647|0.0030208714756499453|F
0.0028377883559135846|0.009794946905895276|0.0037532039545953863|0.0010984987184181618|0.007323324789454412|0.007597949469058953|0.013639692420358843|0.003661662394727206|0.004027828634199927|0.005675576711827169|0.006865616990113512|0.005309410472354449|0.0038447455144635665|0.003936287074331747|0.007597949469058953|0.0045770779934090075|0.005400952032222629|0.006499450750640791|0.006590992310508971|0.005584035151958989|Y
0.0004577077993409008|0.001190040278286342|0.0010984987184181618|9.154155986818015e-05|0.0021969974368363236|0.0021054558769681435|0.0027462467960454044|0.0009154155986818016|0.001281581838154522|0.0010984987184181618|0.0014646649578908824|0.0010984987184181618|0.0009154155986818016|0.0008238740388136214|0.0021969974368363236|0.001281581838154522|0.0009154155986818016|0.001739289637495423|0.0003661662394727206|0.0003661662394727206|C
0.0021054558769681435|0.012083485902599781|0.007323324789454412|0.0021969974368363236|0.0074148663493225925|0.016111314536799707|0.025814719882826805|0.007140241669718052|0.0030208714756499453|0.006865616990113512|0.004851702673013548|0.006133284511168071|0.004027828634199927|0.004027828634199927|0.012083485902599781|0.0045770779934090075|0.004393994873672647|0.005584035151958989|0.004210911753936287|0.0037532039545953863|I
0.0026547052361772243|0.011076528744049798|0.007597949469058953|0.0021054558769681435|0.016111314536799707|0.007964115708531673|0.022702306847308677|0.005858659831563529|0.0031124130355181254|0.0060417429512998905|0.0060417429512998905|0.006407909190772611|0.004302453313804467|0.004119370194068107|0.014372024899304284|0.004027828634199927|0.004210911753936287|0.008787989747345295|0.004943244232881728|0.004027828634199927|V
0.003387037715122666|0.021237641889417794|0.013639692420358843|0.0027462467960454044|0.025814719882826805|0.022702306847308677|0.022702306847308677|0.008787989747345295|0.0037532039545953863|0.009428780666422555|0.009703405346027096|0.008147198828268034|0.005675576711827169|0.0060417429512998905|0.019681435371658732|0.005858659831563529|0.007231783229586232|0.009337239106554375|0.008971072867081655|0.004851702673013548|L
0.0014646649578908824|0.006316367630904431|0.003661662394727206|0.0009154155986818016|0.007140241669718052|0.005858659831563529|0.008787989747345295|0.001739289637495423|0.0019223727572317832|0.0031124130355181254|0.0027462467960454044|0.0020139143170999634|0.001739289637495423|0.003387037715122666|0.004760161113145368|0.002471622116440864|0.002563163676309044|0.003387037715122666|0.0020139143170999634|0.0015562065177590627|M
0.0010984987184181618|0.004119370194068107|0.004027828634199927|0.001281581838154522|0.0030208714756499453|0.0031124130355181254|0.0037532039545953863|0.0019223727572317832|0.0021054558769681435|0.002563163676309044|0.0030208714756499453|0.002380080556572684|0.0016477480776272428|0.0026547052361772243|0.003570120834859026|0.0028377883559135846|0.0021969974368363236|0.0029293299157817647|0.0027462467960454044|0.004668619553277188|H
0.0020139143170999634|0.00595020139143171|0.005675576711827169|0.0010984987184181618|0.006865616990113512|0.0060417429512998905|0.009428780666422555|0.0031124130355181254|0.002563163676309044|0.0020139143170999634|0.007048700109849872|0.004760161113145368|0.002563163676309044|0.004027828634199927|0.007781032588795313|0.0038447455144635665|0.0032039545953863055|0.00595020139143171|0.005767118271695349|0.003661662394727206|T
0.002563163676309044|0.005584035151958989|0.006865616990113512|0.0014646649578908824|0.004851702673013548|0.0060417429512998905|0.009703405346027096|0.0027462467960454044|0.0030208714756499453|0.007048700109849872|0.0038447455144635665|0.004302453313804467|0.005584035151958989|0.004485536433540827|0.008055657268399853|0.004668619553277188|0.0030208714756499453|0.007597949469058953|0.013456609300622483|0.009794946905895276|R
0.0021969974368363236|0.004302453313804467|0.005309410472354449|0.0010984987184181618|0.006133284511168071|0.006407909190772611|0.008147198828268034|0.0020139143170999634|0.002380080556572684|0.004760161113145368|0.004302453313804467|0.0015562065177590627|0.0038447455144635665|0.0032954961552544857|0.006224826071036251|0.0037532039545953863|0.003478579274990846|0.004210911753936287|0.004210911753936287|0.004485536433540827|P
0.0010069571585499817|0.003570120834859026|0.0038447455144635665|0.0009154155986818016|0.004027828634199927|0.004302453313804467|0.005675576711827169|0.001739289637495423|0.0016477480776272428|0.002563163676309044|0.005584035151958989|0.0038447455144635665|0.0014646649578908824|0.0031124130355181254|0.005675576711827169|0.0028377883559135846|0.0032039545953863055|0.004302453313804467|0.003936287074331747|0.0028377883559135846|Q
0.0007323324789454412|0.0029293299157817647|0.003936287074331747|0.0008238740388136214|0.004027828634199927|0.004119370194068107|0.0060417429512998905|0.003387037715122666|0.0026547052361772243|0.004027828634199927|0.004485536433540827|0.0032954961552544857|0.0031124130355181254|0.0015562065177590627|0.005309410472354449|0.002471622116440864|0.0030208714756499453|0.004027828634199927|0.003387037715122666|0.0038447455144635665|N
0.0032039545953863055|0.010252654705236177|0.007597949469058953|0.0021969974368363236|0.012083485902599781|0.014372024899304284|0.019681435371658732|0.004760161113145368|0.003570120834859026|0.007781032588795313|0.008055657268399853|0.006224826071036251|0.005675576711827169|0.005309410472354449|0.007140241669718052|0.004943244232881728|0.004302453313804467|0.007506407909190773|0.005858659831563529|0.0030208714756499453|A
0.0010984987184181618|0.0030208714756499453|0.0045770779934090075|0.001281581838154522|0.0045770779934090075|0.004027828634199927|0.005858659831563529|0.002471622116440864|0.0028377883559135846|0.0038447455144635665|0.004668619553277188|0.0037532039545953863|0.0028377883559135846|0.002471622116440864|0.004943244232881728|0.001830831197363603|0.0021969974368363236|0.004668619553277188|0.003478579274990846|0.0030208714756499453|S
0.0007323324789454412|0.004119370194068107|0.005400952032222629|0.0009154155986818016|0.004393994873672647|0.004210911753936287|0.007231783229586232|0.002563163676309044|0.0021969974368363236|0.0032039545953863055|0.0030208714756499453|0.003478579274990846|0.0032039545953863055|0.0030208714756499453|0.004302453313804467|0.0021969974368363236|0.001830831197363603|0.003478579274990846|0.008513365067740754|0.007781032588795313|K
0.0021969974368363236|0.007048700109849872|0.006499450750640791|0.001739289637495423|0.005584035151958989|0.008787989747345295|0.009337239106554375|0.003387037715122666|0.0029293299157817647|0.00595020139143171|0.007597949469058953|0.004210911753936287|0.004302453313804467|0.004027828634199927|0.007506407909190773|0.004668619553277188|0.003478579274990846|0.0032039545953863055|0.003661662394727206|0.004485536433540827|G
0.0015562065177590627|0.004393994873672647|0.006590992310508971|0.0003661662394727206|0.004210911753936287|0.004943244232881728|0.008971072867081655|0.0020139143170999634|0.0027462467960454044|0.005767118271695349|0.013456609300622483|0.004210911753936287|0.003936287074331747|0.003387037715122666|0.005858659831563529|0.003478579274990846|0.008513365067740754|0.003661662394727206|0.0009154155986818016|0.0038447455144635665|E
0.0021054558769681435|0.0030208714756499453|0.005584035151958989|0.0003661662394727206|0.0037532039545953863|0.004027828634199927|0.004851702673013548|0.0015562065177590627|0.004668619553277188|0.003661662394727206|0.009794946905895276|0.004485536433540827|0.0028377883559135846|0.0038447455144635665|0.0030208714756499453|0.0030208714756499453|0.007781032588795313|0.004485536433540827|0.0038447455144635665|0.0010984987184181618|D
