W|F|Y|C|I|V|L|M|H|T|R|P|Q|N|A|S|K|G|E|D|AA
0.0008273192670850462|0.0034155806613175932|0.002287418024383439|0.0006701748252923559|0.003709281101994306|0.003987014995109194|0.007480327532714616|0.001813463665179817|0.0011256416031086027|0.0022546445846512737|0.002693724642601438|0.0023945619619693643|0.0017474966134112277|0.001328584826065473|0.0035870109614550734|0.0019773308638406438|0.0013811063640977892|0.0022609471692151516|0.0018516993448673433|0.0014853090955539048|W
0.0034155806613175932|0.004789544096242987|0.0058349327892382105|0.0018306907296544166|0.011553477850196808|0.011820707435705234|0.020247683169914318|0.005169800031596957|0.002350864042326477|0.005418121863413749|0.005086605915353769|0.004186176667327738|0.0032239820905757034|0.002956752505067278|0.009453456673512673|0.0045756763933753955|0.0027802801372786953|0.005626947498630238|0.003392471184583374|0.0028954073486455326|F
0.002287418024383439|0.0058349327892382105|0.002265989236866254|0.0011508519413641145|0.007114777628009694|0.0075017563202318|0.011869027250694966|0.0032138979552734986|0.002471033321344417|0.004423153846929549|0.0052744229353573315|0.004261387509790015|0.0031878472724094697|0.003005912664665526|0.006557208980258624|0.0039794518936325405|0.003169359691022094|0.004649626718924897|0.003987855339717712|0.003724407304947613|Y
0.0006701748252923559|0.0018306907296544166|0.0011508519413641145|0.0007773187628782811|0.0024928822811658606|0.0026630520643905653|0.003949619660030186|0.0010344642130845018|0.00076051187070794|0.0013260637922399218|0.0013058955216355122|0.0010525316221676184|0.0007474865292759255|0.0007567303199696131|0.0021521225424121922|0.0011269021200213784|0.000740763772407789|0.0014386699697812079|0.0008264789224765291|0.0007063096434585895|C
0.003709281101994306|0.011553477850196808|0.007114777628009694|0.0024928822811658606|0.009751358837231973|0.019362380124841594|0.030555770310288843|0.006605528795248355|0.002820616678487514|0.0076853716171927785|0.006521494334396649|0.0048101325391516556|0.004180294255068119|0.003420202556664437|0.013862744834401692|0.005661821799883697|0.003846677445486845|0.00685301028245663|0.004447523840576543|0.003592053029106176|I
0.003987014995109194|0.011820707435705234|0.0075017563202318|0.0026630520643905653|0.019362380124841594|0.011050531601999349|0.031060817420007596|0.006723177040440744|0.00323070484744384|0.008828240284775982|0.007518563212402142|0.005400054454330632|0.004885343381613933|0.00411684823712508|0.015831672252157165|0.006561830875605469|0.004564331741160415|0.008154704081049556|0.005247111735580527|0.004359287656682252|V
0.007480327532714616|0.020247683169914318|0.011869027250694966|0.003949619660030186|0.030555770310288843|0.031060817420007596|0.027767506899229237|0.011025321263743837|0.004766434619508768|0.011899279656601579|0.011848018635482039|0.008486640201413796|0.007383687902735154|0.0055807285451618|0.022625018067409082|0.009058494707509655|0.0059693879266009406|0.010757251333626894|0.007247972248459648|0.005588291646638453|L
0.001813463665179817|0.005169800031596957|0.0032138979552734986|0.0010344642130845018|0.006605528795248355|0.006723177040440744|0.011025321263743837|0.0015054773661583142|0.0013756441241424284|0.0033038148283848242|0.0029794418094972385|0.0024668315983018317|0.0019290110488509127|0.0017626228163645347|0.005525265800999674|0.002725237565420828|0.0016668235309935898|0.003378185326238584|0.0021092649673778224|0.0018668255478206503|M
0.0011256416031086027|0.002350864042326477|0.002471033321344417|0.00076051187070794|0.002820616678487514|0.00323070484744384|0.004766434619508768|0.0013756441241424284|0.0009924469826586486|0.0025886815665368055|0.0028113728877938267|0.0018680860647334258|0.001750017647236779|0.0017264879981983012|0.002838684087570631|0.0024197723002248764|0.0015079983999838655|0.0025491853699365036|0.002803809786317173|0.0027601118666742857|H
0.0022546445846512737|0.005418121863413749|0.004423153846929549|0.0013260637922399218|0.0076853716171927785|0.008828240284775982|0.011899279656601579|0.0033038148283848242|0.0025886815665368055|0.0029697778464992924|0.005597115265027883|0.003730709889511491|0.0038517195131379475|0.0037979374581928555|0.0073286453308772865|0.004889965276960776|0.003396252735321701|0.00568661196583495|0.004148781332248728|0.004042897911575579|T
0.002693724642601438|0.005086605915353769|0.0052744229353573315|0.0013058955216355122|0.006521494334396649|0.007518563212402142|0.011848018635482039|0.0029794418094972385|0.0028113728877938267|0.005597115265027883|0.0032470915673099223|0.004718955149127554|0.004705509635391281|0.004210966833278991|0.006887464411405829|0.005379886183726222|0.002960534055805605|0.006114767543874392|0.010121530637283738|0.009010174892519925|R
0.0023945619619693643|0.004186176667327738|0.004261387509790015|0.0010525316221676184|0.0048101325391516556|0.005400054454330632|0.008486640201413796|0.0024668315983018317|0.0018680860647334258|0.003730709889511491|0.004718955149127554|0.0016214449221336686|0.002972298880324844|0.00257019398514943|0.005121900388911485|0.003318941031338131|0.002064726703126418|0.004134495473903939|0.002891205625602947|0.0026924641256886625|P
0.0017474966134112277|0.0032239820905757034|0.0031878472724094697|0.0007474865292759255|0.004180294255068119|0.004885343381613933|0.007383687902735154|0.0019290110488509127|0.001750017647236779|0.0038517195131379475|0.004705509635391281|0.002972298880324844|0.0015685032117970937|0.0027399435960698765|0.00433407731842674|0.0033080165514274094|0.0024794367674295876|0.0036575999085705067|0.002980702326410014|0.00283322184761527|Q
0.001328584826065473|0.002956752505067278|0.003005912664665526|0.0007567303199696131|0.003420202556664437|0.00411684823712508|0.0055807285451618|0.0017626228163645347|0.0017264879981983012|0.0037979374581928555|0.004210966833278991|0.00257019398514943|0.0027399435960698765|0.001731109893545145|0.003929031217121517|0.0036273475026638922|0.0024277555740057884|0.004022309468666911|0.002871037354998538|0.003249192428831215|N
0.0035870109614550734|0.009453456673512673|0.006557208980258624|0.0021521225424121922|0.013862744834401692|0.015831672252157165|0.022625018067409082|0.005525265800999674|0.002838684087570631|0.0073286453308772865|0.006887464411405829|0.005121900388911485|0.00433407731842674|0.003929031217121517|0.006599646382988736|0.00600384205555014|0.0037185248926879934|0.00779923831164684|0.004326934389254345|0.0039386951801194635|A
0.0019773308638406438|0.0045756763933753955|0.0039794518936325405|0.0011269021200213784|0.005661821799883697|0.006561830875605469|0.009058494707509655|0.002725237565420828|0.0024197723002248764|0.004889965276960776|0.005379886183726222|0.003318941031338131|0.0033080165514274094|0.0036273475026638922|0.00600384205555014|0.0023059056057708146|0.002935323717550093|0.005110975909000763|0.0038365933101846407|0.00389961915582342|S
0.0013811063640977892|0.0027802801372786953|0.003169359691022094|0.000740763772407789|0.003846677445486845|0.004564331741160415|0.0059693879266009406|0.0016668235309935898|0.0015079983999838655|0.003396252735321701|0.002960534055805605|0.002064726703126418|0.0024794367674295876|0.0024277555740057884|0.0037185248926879934|0.002935323717550093|0.0009201773463261815|0.0034681021993499092|0.0055941740588980726|0.005377365149900671|K
0.0022609471692151516|0.005626947498630238|0.004649626718924897|0.0014386699697812079|0.00685301028245663|0.008154704081049556|0.010757251333626894|0.003378185326238584|0.0025491853699365036|0.00568661196583495|0.006114767543874392|0.004134495473903939|0.0036575999085705067|0.004022309468666911|0.00779923831164684|0.005110975909000763|0.0034681021993499092|0.004008863954930638|0.0037357519571625934|0.0041769328766340505|G
0.0018516993448673433|0.003392471184583374|0.003987855339717712|0.0008264789224765291|0.004447523840576543|0.005247111735580527|0.007247972248459648|0.0021092649673778224|0.002803809786317173|0.004148781332248728|0.010121530637283738|0.002891205625602947|0.002980702326410014|0.002871037354998538|0.004326934389254345|0.0038365933101846407|0.0055941740588980726|0.0037357519571625934|0.001121019707761759|0.002128172721069456|E
0.0014853090955539048|0.0028954073486455326|0.003724407304947613|0.0007063096434585895|0.003592053029106176|0.004359287656682252|0.005588291646638453|0.0018668255478206503|0.0027601118666742857|0.004042897911575579|0.009010174892519925|0.0026924641256886625|0.00283322184761527|0.003249192428831215|0.0039386951801194635|0.00389961915582342|0.005377365149900671|0.0041769328766340505|0.002128172721069456|0.0011865665872260896|D
