W,F,Y,C,I,V,L,M,H,T,R,P,Q,N,A,S,K,G,E,D,AA
0.0005636978579481,0.0036640360766629,0.0028184892897406,0.0005636978579481,0.0039458850056369,0.0025366403607666,0.0036640360766629,0.0022547914317925,0.0014092446448703,0.0028184892897406,0.0028184892897406,0.0016910935738444,0.0014092446448703,0.0022547914317925,0.0028184892897406,0.0011273957158962,0.0014092446448703,0.0019729425028184,0.0014092446448703,0.0008455467869222,W
0.0036640360766629,0.0011273957158962,0.0039458850056369,0.000281848928974,0.0095828635851183,0.0112739571589627,0.0180383314543404,0.0059188275084554,0.0016910935738444,0.0064825253664036,0.0073280721533258,0.0070462232243517,0.0031003382187147,0.0022547914317925,0.0095828635851183,0.0045095828635851,0.0028184892897406,0.0045095828635851,0.0045095828635851,0.0031003382187147,F
0.0028184892897406,0.0039458850056369,0.0014092446448703,0.0005636978579481,0.0073280721533258,0.0078917700112739,0.0070462232243517,0.0039458850056369,0.0008455467869222,0.0031003382187147,0.0078917700112739,0.0056369785794813,0.0025366403607666,0.0019729425028184,0.004227733934611,0.0016910935738444,0.0033821871476888,0.0056369785794813,0.0056369785794813,0.0062006764374295,Y
0.0005636978579481,0.000281848928974,0.0005636978579481,0.0,0.0011273957158962,0.0031003382187147,0.0019729425028184,0.0005636978579481,0.0,0.0005636978579481,0.0016910935738444,0.0008455467869222,0.000281848928974,0.0005636978579481,0.0014092446448703,0.0008455467869222,0.0014092446448703,0.0011273957158962,0.0005636978579481,0.0005636978579481,C
0.0039458850056369,0.0095828635851183,0.0073280721533258,0.0011273957158962,0.0093010146561443,0.016347237880496,0.0293122886133032,0.0047914317925591,0.0025366403607666,0.0067643742953776,0.008173618940248,0.0053551296505073,0.0036640360766629,0.0036640360766629,0.0109921082299887,0.004227733934611,0.0062006764374295,0.0033821871476888,0.0039458850056369,0.0022547914317925,I
0.0025366403607666,0.0112739571589627,0.0078917700112739,0.0031003382187147,0.016347237880496,0.0095828635851183,0.0304396843291995,0.0104284103720405,0.0050732807215332,0.0064825253664036,0.0104284103720405,0.0064825253664036,0.0039458850056369,0.0028184892897406,0.0115558060879368,0.0045095828635851,0.0056369785794813,0.0076099210822998,0.0062006764374295,0.0033821871476888,V
0.0036640360766629,0.0180383314543404,0.0070462232243517,0.0019729425028184,0.0293122886133032,0.0304396843291995,0.0186020293122886,0.0078917700112739,0.008173618940248,0.0126832018038331,0.0132468996617812,0.0073280721533258,0.0045095828635851,0.0064825253664036,0.0194475760992108,0.0056369785794813,0.0078917700112739,0.0112739571589627,0.0056369785794813,0.0064825253664036,L
0.0022547914317925,0.0059188275084554,0.0039458850056369,0.0005636978579481,0.0047914317925591,0.0104284103720405,0.0078917700112739,0.0022547914317925,0.0028184892897406,0.0036640360766629,0.0073280721533258,0.0053551296505073,0.0014092446448703,0.0036640360766629,0.0047914317925591,0.0022547914317925,0.0025366403607666,0.0039458850056369,0.0025366403607666,0.0016910935738444,M
0.0014092446448703,0.0016910935738444,0.0008455467869222,0.0,0.0025366403607666,0.0050732807215332,0.008173618940248,0.0028184892897406,0.0005636978579481,0.0039458850056369,0.0036640360766629,0.0033821871476888,0.0016910935738444,0.0039458850056369,0.0025366403607666,0.0016910935738444,0.0025366403607666,0.0028184892897406,0.0033821871476888,0.0031003382187147,H
0.0028184892897406,0.0064825253664036,0.0031003382187147,0.0005636978579481,0.0067643742953776,0.0064825253664036,0.0126832018038331,0.0036640360766629,0.0039458850056369,0.0022547914317925,0.008173618940248,0.0050732807215332,0.004227733934611,0.0031003382187147,0.0059188275084554,0.0022547914317925,0.0033821871476888,0.0031003382187147,0.0047914317925591,0.0031003382187147,T
0.0028184892897406,0.0073280721533258,0.0078917700112739,0.0016910935738444,0.008173618940248,0.0104284103720405,0.0132468996617812,0.0073280721533258,0.0036640360766629,0.008173618940248,0.0036640360766629,0.0093010146561443,0.0073280721533258,0.0076099210822998,0.0087373167981961,0.0059188275084554,0.0050732807215332,0.0070462232243517,0.020293122886133,0.0126832018038331,R
0.0016910935738444,0.0070462232243517,0.0056369785794813,0.0008455467869222,0.0053551296505073,0.0064825253664036,0.0073280721533258,0.0053551296505073,0.0033821871476888,0.0050732807215332,0.0093010146561443,0.0022547914317925,0.0028184892897406,0.0022547914317925,0.0056369785794813,0.0025366403607666,0.0025366403607666,0.0033821871476888,0.0031003382187147,0.0014092446448703,P
0.0014092446448703,0.0031003382187147,0.0025366403607666,0.000281848928974,0.0036640360766629,0.0039458850056369,0.0045095828635851,0.0014092446448703,0.0016910935738444,0.004227733934611,0.0073280721533258,0.0028184892897406,0.0011273957158962,0.0025366403607666,0.0050732807215332,0.0039458850056369,0.0025366403607666,0.0028184892897406,0.0028184892897406,0.0047914317925591,Q
0.0022547914317925,0.0022547914317925,0.0019729425028184,0.0005636978579481,0.0036640360766629,0.0028184892897406,0.0064825253664036,0.0036640360766629,0.0039458850056369,0.0031003382187147,0.0076099210822998,0.0022547914317925,0.0025366403607666,0.0022547914317925,0.0045095828635851,0.0036640360766629,0.0039458850056369,0.004227733934611,0.0025366403607666,0.0031003382187147,N
0.0028184892897406,0.0095828635851183,0.004227733934611,0.0014092446448703,0.0109921082299887,0.0115558060879368,0.0194475760992108,0.0047914317925591,0.0025366403607666,0.0059188275084554,0.0087373167981961,0.0056369785794813,0.0050732807215332,0.0045095828635851,0.0059188275084554,0.0067643742953776,0.0056369785794813,0.0070462232243517,0.0067643742953776,0.0033821871476888,A
0.0011273957158962,0.0045095828635851,0.0016910935738444,0.0008455467869222,0.004227733934611,0.0045095828635851,0.0056369785794813,0.0022547914317925,0.0016910935738444,0.0022547914317925,0.0059188275084554,0.0025366403607666,0.0039458850056369,0.0036640360766629,0.0067643742953776,0.0005636978579481,0.0039458850056369,0.0022547914317925,0.0047914317925591,0.0039458850056369,S
0.0014092446448703,0.0028184892897406,0.0033821871476888,0.0014092446448703,0.0062006764374295,0.0056369785794813,0.0078917700112739,0.0025366403607666,0.0025366403607666,0.0033821871476888,0.0050732807215332,0.0025366403607666,0.0025366403607666,0.0039458850056369,0.0056369785794813,0.0039458850056369,0.0016910935738444,0.0056369785794813,0.0090191657271702,0.0087373167981961,K
0.0019729425028184,0.0045095828635851,0.0056369785794813,0.0011273957158962,0.0033821871476888,0.0076099210822998,0.0112739571589627,0.0039458850056369,0.0028184892897406,0.0031003382187147,0.0070462232243517,0.0033821871476888,0.0028184892897406,0.004227733934611,0.0070462232243517,0.0022547914317925,0.0056369785794813,0.0016910935738444,0.0033821871476888,0.0036640360766629,G
0.0014092446448703,0.0045095828635851,0.0056369785794813,0.0005636978579481,0.0039458850056369,0.0062006764374295,0.0056369785794813,0.0025366403607666,0.0033821871476888,0.0047914317925591,0.020293122886133,0.0031003382187147,0.0028184892897406,0.0025366403607666,0.0067643742953776,0.0047914317925591,0.0090191657271702,0.0033821871476888,0.0016910935738444,0.0031003382187147,E
0.0008455467869222,0.0031003382187147,0.0062006764374295,0.0005636978579481,0.0022547914317925,0.0033821871476888,0.0064825253664036,0.0016910935738444,0.0031003382187147,0.0031003382187147,0.0126832018038331,0.0014092446448703,0.0047914317925591,0.0031003382187147,0.0033821871476888,0.0039458850056369,0.0087373167981961,0.0036640360766629,0.0031003382187147,0.0005636978579481,D
