W,F,Y,C,I,V,L,M,H,T,R,P,Q,N,A,S,K,G,E,D,AA
0.0,0.7366522366522367,0.48266740366392924,inf,0.4291877104377105,0.5944895281597745,0.644188250157928,0.0,1.031818181818182,0.23401204473759682,0.7931537489059614,0.5152777777777777,0.8596380471380473,1.2899053627760253,0.0,0.0,2.581439393939394,0.6444128787878788,0.0,0.6444128787878788,W
0.7366522366522367,0.28525303572681965,0.2843488649940263,0.3680937359170798,0.33775855270233135,1.0535095264159304,0.8029708520179373,0.26544971355131025,0.24470899470899474,0.8245373891001266,1.2231085004839302,1.8978201058201056,0.9920692842893981,0.8054633143580012,1.0031453208934125,0.5944895281597745,0.6059344091618949,0.6209517154025901,0.6931115116675598,0.514971572962729,F
0.48266740366392924,0.2843488649940263,0.38575489576752997,0.42954784437434285,1.157594756340838,0.914695340501792,0.8072936180841762,1.105877034358047,0.5944895281597745,0.07528298385600297,1.533946685539042,1.4100727734781102,1.1471623714969723,0.45416372487087064,1.2055555555555555,0.11669056495554919,0.38575489576752997,0.6809839979111493,0.3373114950564266,2.0743949044585985,Y
inf,0.3680937359170798,0.42954784437434285,0.0,0.9672299431459255,1.938132911392405,0.42954784437434285,0.5155835962145111,0.0,1.548704990524321,inf,0.32200315457413253,0.0,0.6446372239747635,0.7366522366522367,5.169405815423515,1.290088383838384,1.938132911392405,1.2899053627760253,2.581439393939394,C
0.4291877104377105,0.33775855270233135,1.157594756340838,0.9672299431459255,1.118732782369146,1.3381492091169511,0.9895700744245947,0.34226717235566795,0.5944895281597745,1.0512404467960024,1.4100727734781102,1.0555427451432524,0.6432868904369855,0.8966771367168127,0.48563765736179526,0.9501016632778908,1.7659568312018978,0.9207306018854242,0.8591935824361412,0.5143580012650221,I
0.5944895281597745,1.0535095264159304,0.914695340501792,1.938132911392405,1.3381492091169511,0.9577331759149941,1.1355153422501967,1.3441322314049586,1.6443088260694343,1.3676750345033386,1.908664791750368,1.4617319439453829,1.1730205278592376,0.6777855454575717,0.9886223075282577,3.027247667514843,1.8700642791551885,1.5550159744408945,2.4317711648631444,1.453511414077362,V
0.644188250157928,0.8029708520179373,0.8072936180841762,0.42954784437434285,0.9895700744245947,1.1355153422501967,0.7431181854892986,0.6267797449548099,1.5518424396442185,0.8814702044367116,1.2204341052333403,1.1810009099181071,0.8245373891001266,1.601731601731602,0.9310248706909902,1.437159629393875,1.4617319439453829,1.9471246006389777,0.6430608365019012,1.7251164760694624,L
0.0,0.26544971355131025,1.105877034358047,0.5155835962145111,0.34226717235566795,1.3441322314049586,0.6267797449548099,1.031818181818182,0.7366522366522367,0.3215751262626263,2.190866910866911,0.8595493788165929,2.583438685208597,0.5146649810366625,1.0623998807882875,1.031858407079646,0.3680937359170798,1.105877034358047,0.6444128787878788,0.9672299431459255,M
1.031818181818182,0.24470899470899474,0.5944895281597745,0.0,0.5944895281597745,1.6443088260694343,1.5518424396442185,0.7366522366522367,0.23401204473759682,1.1730205278592376,3.622799240025333,1.1730205278592376,1.506913658433608,1.9904334244435768,0.9825577886414388,0.36769480519480524,1.475167057973632,3.0182605024276974,0.7363193064836555,1.2913760304375397,H
0.23401204473759682,0.8245373891001266,0.07528298385600297,1.548704990524321,1.0512404467960024,1.3676750345033386,0.8814702044367116,0.3215751262626263,1.1730205278592376,2.2155515370705245,1.0319391634980988,1.0752432318104908,2.5854430379746836,0.5146649810366625,0.7993790042201474,0.4900367226536633,1.1616677235256816,0.20535353535353537,1.2915609137055837,1.0319391634980988,T
0.7931537489059614,1.2231085004839302,1.533946685539042,inf,1.4100727734781102,1.908664791750368,1.2204341052333403,2.190866910866911,3.622799240025333,1.0319391634980988,1.20464428963479,1.377608787494719,0.8138574283810792,1.8478063814358232,1.478798908098271,0.6777855454575717,1.0750052709255744,1.1471623714969723,1.5803426912987666,1.1810009099181071,R
0.5152777777777777,1.8978201058201056,1.4100727734781102,0.32200315457413253,1.0555427451432524,1.4617319439453829,1.1810009099181071,0.8595493788165929,1.1730205278592376,1.0752432318104908,1.377608787494719,3.8800632911392405,0.5518906235899287,0.644188250157928,0.5937195715676729,0.8054633143580012,0.702923103428473,1.3535903250188965,1.2910069664344523,0.4676473968509367,P
0.8596380471380473,0.9920692842893981,1.1471623714969723,0.0,0.6432868904369855,1.1730205278592376,0.8245373891001266,2.583438685208597,1.506913658433608,2.5854430379746836,0.8138574283810792,0.5518906235899287,0.42954784437434285,0.9671677215189872,0.9671052631578948,1.5903285561080238,0.8593717056715158,0.8591935824361412,0.9671677215189872,0.8594605983986516,Q
1.2899053627760253,0.8054633143580012,0.45416372487087064,0.6446372239747635,0.8966771367168127,0.6777855454575717,1.601731601731602,0.5146649810366625,1.9904334244435768,0.5146649810366625,1.8478063814358232,0.644188250157928,0.9671677215189872,0.7734049273531269,1.0752432318104908,0.920981295744104,0.9378232387081945,0.7363193064836555,0.4061575290088772,1.2908227848101266,N
0.0,1.0031453208934125,1.2055555555555555,0.7366522366522367,0.48563765736179526,0.9886223075282577,0.9310248706909902,1.0623998807882875,0.9825577886414388,0.7993790042201474,1.478798908098271,0.5937195715676729,0.9671052631578948,1.0752432318104908,0.8589255499153976,1.726963906581741,1.1222688148311633,1.570494214172375,1.4274544256534152,2.156831641285956,A
0.0,0.5944895281597745,0.11669056495554919,5.169405815423515,0.9501016632778908,3.027247667514843,1.437159629393875,1.031858407079646,0.36769480519480524,0.4900367226536633,0.6777855454575717,0.8054633143580012,1.5903285561080238,0.920981295744104,1.726963906581741,1.031858407079646,2.116792528967545,1.2911913814955638,1.453511414077362,2.010695939764971,S
2.581439393939394,0.6059344091618949,0.38575489576752997,1.290088383838384,1.7659568312018978,1.8700642791551885,1.4617319439453829,0.3680937359170798,1.475167057973632,1.1616677235256816,1.0750052709255744,0.702923103428473,0.8593717056715158,0.9378232387081945,1.1222688148311633,2.116792528967545,0.9672299431459255,2.046299708532949,1.0823780325246601,1.0482954545454546,K
0.6444128787878788,0.6209517154025901,0.6809839979111493,1.938132911392405,0.9207306018854242,1.5550159744408945,1.9471246006389777,1.105877034358047,3.0182605024276974,0.20535353535353537,1.1471623714969723,1.3535903250188965,0.8591935824361412,0.7363193064836555,1.570494214172375,1.2911913814955638,2.046299708532949,1.2908227848101266,1.0319391634980988,1.3906562088956012,G
0.0,0.6931115116675598,0.3373114950564266,1.2899053627760253,0.8591935824361412,2.4317711648631444,0.6430608365019012,0.6444128787878788,0.7363193064836555,1.2915609137055837,1.5803426912987666,1.2910069664344523,0.9671677215189872,0.4061575290088772,1.4274544256534152,1.453511414077362,1.0823780325246601,1.0319391634980988,0.9672299431459255,1.003131377102245,E
0.6444128787878788,0.514971572962729,2.0743949044585985,2.581439393939394,0.5143580012650221,1.453511414077362,1.7251164760694624,0.9672299431459255,1.2913760304375397,1.0319391634980988,1.1810009099181071,0.4676473968509367,0.8594605983986516,1.2908227848101266,2.156831641285956,2.010695939764971,1.0482954545454546,1.3906562088956012,1.003131377102245,1.7205387205387208,D
