W,F,Y,C,I,V,L,M,H,T,R,P,Q,N,A,S,K,G,E,D,AA
50.96589732132735,26.08297250854185,-23.16885754456215,inf,7.895982415217954,9.246507108791189,37.063643464871916,23.489834091500306,-0.6557816037870063,-9.00504480737494,-7.821247333869692,-2.297680980718266,6.197731644694016,44.79894613692269,3.57304647507506,26.348489156810682,45.13029454302802,6.919936576322088,4.365235296460478,-6.250067870204068,W
26.08297250854185,-18.23667040046557,-28.364374742433622,-0.5750265338043283,-8.853004016525064,-1.0658007762871557,-2.2430669947354915,-18.216802686843987,-31.32283464330093,-6.737412958125126,6.099577935850429,5.702744362260172,1.5403591639346954,-11.235511208418622,1.7811902180065835,11.374695063882003,-13.897950143588023,-11.40774151853693,-21.92079931260921,-9.725213000514849,F
-23.16885754456215,-28.364374742433622,-33.754562903741395,-15.77031562282431,-0.5956736206772976,0.977257257568117,-3.6346751722648634,-4.629067628327637,-9.284836884749176,-28.16558396128162,-9.001215276135706,-8.288423201340487,-14.397010185466872,-12.650283062878259,-3.553303104890828,-18.098520439544636,-16.096370745829613,-24.57081934188418,-31.96494376317206,-9.189230150182476,Y
inf,-0.5750265338043283,-15.77031562282431,38.43941279233526,7.316114022400942,13.680989090988701,39.70414432087899,-9.723303244220823,-24.092664610573237,3.1041674857402968,inf,-26.96628176725354,-23.6891324029663,-12.409805262117645,7.335279413209546,32.42849789837988,-14.716579239661485,-11.881033668582585,24.047635705383467,17.55922238188068,C
7.895982415217954,-8.853004016525064,-0.5956736206772976,7.316114022400942,9.531107022966966,10.72265038393016,13.113889693006877,-8.583028239290622,-4.8123678627855,5.6978741677717055,9.344782239142493,-4.007212716714359,-21.161532775831017,-21.828156057152313,-1.056069887109585,4.551859021877794,-11.43092312840667,-0.9869302839770517,-1.9063349163604106,-20.624546978773562,I
9.246507108791189,-1.0658007762871557,0.977257257568117,13.680989090988701,10.72265038393016,13.022386891098254,18.252306539392148,3.4156805799074914,12.473993988704498,33.61326048278599,22.30700361368062,0.3987500180844047,26.364272809087474,-3.2731549656999746,5.304587565152433,31.250806140025063,7.4180074936123885,-0.6946505685287947,17.526045128131283,9.418401567361363,V
37.063643464871916,-2.2430669947354915,-3.6346751722648634,39.70414432087899,13.113889693006877,18.252306539392148,14.178557336021452,0.3010952401688633,0.08341832349460374,8.900747028528668,13.825614285837917,-0.851643602911044,8.400963701576599,4.61232145218748,4.471299916318552,8.130457548343314,5.496745799150281,18.46499609414888,-0.3900762184583587,13.156356755177564,L
23.489834091500306,-18.216802686843987,-4.629067628327637,-9.723303244220823,-8.583028239290622,3.4156805799074914,0.3010952401688633,8.486221196940754,-4.825705332353717,-9.33268825405505,-1.0673969283824665,5.739258967226964,29.41818487275575,-45.50413656362377,10.477605818006976,-1.2527750498731507,2.2348529051228563,-2.0544039171274178,5.555637323150879,-1.0247636556114652,M
-0.6557816037870063,-31.32283464330093,-9.284836884749176,-24.092664610573237,-4.8123678627855,12.473993988704498,0.08341832349460374,-4.825705332353717,-39.97072636156455,1.7360818141027894,37.68287773820471,-11.22509239227055,-21.226670507991752,-24.116439029147802,-22.498673936636347,-15.7164965492468,-2.5778182304918,28.559689446572907,-4.517935746076169,-17.578152926433685,H
-9.00504480737494,-6.737412958125126,-28.16558396128162,3.1041674857402968,5.6978741677717055,33.61326048278599,8.900747028528668,-9.33268825405505,1.7360818141027894,22.75325094132746,7.487769038993605,-17.980003478133927,42.09319388648173,-9.319234140617622,2.1363058889203037,-5.899100450869288,-11.605751000526672,-2.7125554227404183,-2.7242563113826708,-6.233505390744631,T
-7.821247333869692,6.099577935850429,-9.001215276135706,inf,9.344782239142493,22.30700361368062,13.825614285837917,-1.0673969283824665,37.68287773820471,7.487769038993605,-3.229447787733539,13.975445058192944,-0.5606798182870865,10.935328195107743,3.8630902037283255,4.35171313751705,5.800592053159937,16.580102232313834,-4.5170508800082585,2.2251825888074994,R
-2.297680980718266,5.702744362260172,-8.288423201340487,-26.96628176725354,-4.007212716714359,0.3987500180844047,-0.851643602911044,5.739258967226964,-11.22509239227055,-17.980003478133927,13.975445058192944,25.707728748825538,-5.07644321057669,-3.588900489574185,-8.309698594758586,-8.27891606487075,-7.821643141880206,-7.231867978394344,-2.7416789355669016,-24.418079549442528,P
6.197731644694016,1.5403591639346954,-14.397010185466872,-23.6891324029663,-21.161532775831017,26.364272809087474,8.400963701576599,29.41818487275575,-21.226670507991752,42.09319388648173,-0.5606798182870865,-5.07644321057669,1.0911474953723117,-16.04098956158144,-10.104057944548963,-2.20477355864672,-13.885819773841913,-14.10270143210928,-9.4231698059691,-0.6885061111032088,Q
44.79894613692269,-11.235511208418622,-12.650283062878259,-12.409805262117645,-21.828156057152313,-3.2731549656999746,4.61232145218748,-45.50413656362377,-24.116439029147802,-9.319234140617622,10.935328195107743,-3.588900489574185,-16.04098956158144,-15.46057092257489,-14.57345525717059,-0.9494695306176165,-1.3470642799257426,8.076277758010498,-18.29871223496237,6.710937964724797,N
3.57304647507506,1.7811902180065835,-3.553303104890828,7.335279413209546,-1.056069887109585,5.304587565152433,4.471299916318552,10.477605818006976,-22.498673936636347,2.1363058889203037,3.8630902037283255,-8.309698594758586,-10.104057944548963,-14.57345525717059,-4.5039088538405405,-2.2642804881511824,-11.759381932261718,-2.1682331704202626,-15.191232846027091,17.46901006507285,A
26.348489156810682,11.374695063882003,-18.098520439544636,32.42849789837988,4.551859021877794,31.250806140025063,8.130457548343314,-1.2527750498731507,-15.7164965492468,-5.899100450869288,4.35171313751705,-8.27891606487075,-2.20477355864672,-0.9494695306176165,-2.2642804881511824,-10.203134073556388,3.278491653313272,8.224390561135381,-0.5065839412507916,23.750546641413166,S
45.13029454302802,-13.897950143588023,-16.096370745829613,-14.716579239661485,-11.43092312840667,7.4180074936123885,5.496745799150281,2.2348529051228563,-2.5778182304918,-11.605751000526672,5.800592053159937,-7.821643141880206,-13.885819773841913,-1.3470642799257426,-11.759381932261718,3.278491653313272,-25.1114410315762,-7.722120986749455,-11.47595241372471,-13.668091801702984,K
6.919936576322088,-11.40774151853693,-24.57081934188418,-11.881033668582585,-0.9869302839770517,-0.6946505685287947,18.46499609414888,-2.0544039171274178,28.559689446572907,-2.7125554227404183,16.580102232313834,-7.231867978394344,-14.10270143210928,8.076277758010498,-2.1682331704202626,8.224390561135381,-7.722120986749455,10.694858098583076,-6.031740756648371,16.071462498606508,G
4.365235296460478,-21.92079931260921,-31.96494376317206,24.047635705383467,-1.9063349163604106,17.526045128131283,-0.3900762184583587,5.555637323150879,-4.517935746076169,-2.7242563113826708,-4.5170508800082585,-2.7416789355669016,-9.4231698059691,-18.29871223496237,-15.191232846027091,-0.5065839412507916,-11.47595241372471,-6.031740756648371,-13.479790918528098,-24.710279495798805,E
-6.250067870204068,-9.725213000514849,-9.189230150182476,17.55922238188068,-20.624546978773562,9.418401567361363,13.156356755177564,-1.0247636556114652,-17.578152926433685,-6.233505390744631,2.2251825888074994,-24.418079549442528,-0.6885061111032088,6.710937964724797,17.46901006507285,23.750546641413166,-13.668091801702984,16.071462498606508,-24.710279495798805,24.61030279519948,D
