W,F,Y,C,I,V,L,M,H,T,R,P,Q,N,A,S,K,G,E,D,AA
19.882232189948404,-22.801275386517073,-67.73896820685829,inf,-26.825849916637484,-20.627261114955793,-2.582718530823703,-18.04232954710807,-26.420255249364633,-25.903525649428182,-31.289458925643537,-28.79714279850235,-7.415089976038357,35.81852149727328,-6.978989921269127,16.689468181267074,42.63546903757489,3.516604604331814,1.9983475881045518,-8.710573291767707,W
-22.801275386517073,-39.76223992465381,-71.07648061351934,-34.852483344002856,-49.89213717349943,-36.755710944005116,-43.821782789399265,-62.460687899086345,-47.03366542687074,-19.82562271019469,-5.952514832181674,-4.577596478558214,0.8131300584128125,-12.757512780352636,-9.578626887407506,7.28730462583487,-8.584117953471885,-10.756228402389777,-13.309787386628072,5.796693212398364,F
-67.73896820685829,-71.07648061351934,-44.53420503889447,-37.086858157870495,-32.38667607948385,-25.618986407075507,-32.896617909387516,-39.61329896096192,-35.06047648475559,-42.215436729271715,-30.23862468036616,-30.225073725606745,-22.31275287913224,-24.34075201605651,-10.53597571064359,-24.596267906870423,-24.613904132802404,-26.657497975451083,-38.858893392352115,-15.690174266215484,Y
inf,-34.852483344002856,-37.086858157870495,-4.2227872256521195,-21.225364507962492,-11.539916692859444,15.532908633225142,-39.79516634691141,-38.47146320684465,-3.6486456040381134,inf,-31.136070940208654,-11.537543185957427,-6.356933310878868,7.918184547781472,34.76250707445872,0.4600142294213406,-8.534603353150992,44.40708177959747,39.50799094667769,C
-26.825849916637484,-49.89213717349943,-32.38667607948385,-21.225364507962492,-5.495042620380921,-27.67822718707426,-27.590694487705235,-44.5067576560366,-6.683841079474851,-3.752416878509895,7.0855181163344385,-1.8484383203251373,-13.231428873701208,-9.15601611605191,-11.090490937932628,10.179283432889665,-0.39787849595472663,10.215407462041759,15.455952749570493,2.9420870305212223,I
-20.627261114955793,-36.755710944005116,-25.618986407075507,-11.539916692859444,-27.67822718707426,7.128066195868738,-15.79343320359325,-26.849746754976035,10.277967615261966,26.131247753489777,23.169881865914167,5.895819414978563,37.211887636144745,8.869537713324041,-2.8989111903599136,39.89656033734947,18.045258914306253,10.13496637622328,37.004652157547966,32.105561324630074,V
-2.582718530823703,-43.821782789399265,-32.896617909387516,15.532908633225142,-27.590694487705235,-15.79343320359325,2.1280908226506967,-33.9476830977682,-1.2239859356489091,5.531021708103547,9.790984377028336,2.091182359880113,15.965559976690704,19.059315895579992,-2.682420348276205,19.07599149280259,21.904062810061824,34.4585388478548,21.288479985991245,41.526672351605356,L
-18.04232954710807,-62.460687899086345,-39.61329896096192,-39.79516634691141,-44.5067576560366,-26.849746754976035,-33.9476830977682,-5.443663816093494,-18.749156994829164,-19.924345690078173,-8.984294215131516,-1.9055884712474862,32.520458324355054,-42.067914609708254,3.6329982042995557,-0.863172269258967,10.480691599111722,1.4540975991278988,18.493682251659333,13.594591418741341,M
-26.420255249364633,-47.03366542687074,-35.06047648475559,-38.47146320684465,-6.683841079474851,10.277967615261966,-1.2239859356489091,-18.749156994829164,-37.10219933141372,-2.274657798848391,33.92185780745003,-9.318186632083988,-13.9530572469907,-21.960935227651092,-4.2629975350876395,-14.19486102912224,11.804394739181586,39.66061421028455,-4.550286323984706,-20.40645423602454,H
-25.903525649428182,-19.82562271019469,-42.215436729271715,-3.6486456040381134,-3.752416878509895,26.131247753489777,5.531021708103547,-19.924345690078173,-2.274657798848391,52.21806268616055,8.378950285757833,-8.515823753145616,51.036595477347916,-5.9213938668319175,16.45650073557194,2.9442004454211532,0.8955536734679442,12.302087327610314,14.718374372971695,9.819283540054013,T
-31.289458925643537,-5.952514832181674,-30.23862468036616,inf,7.0855181163344385,23.169881865914167,9.790984377028336,-8.984294215131516,33.92185780745003,8.378950285757833,22.814530427295793,13.882602408850845,2.7283588698805086,11.523190642441863,19.88161532043203,9.202533437303147,25.05611653229734,28.533968866305486,-19.84223926847406,-12.754409330563208,R
-28.79714279850235,-4.577596478558214,-30.225073725606745,-31.136070940208654,-1.8484383203251373,5.895819414978563,2.091182359880113,-1.9055884712474862,-9.318186632083988,-8.515823753145616,13.882602408850845,62.46632726185373,7.110253173024894,9.305212555337171,14.187499981279878,7.763923205062818,19.911661961856485,12.873333380506786,23.229002445586286,-1.384855061615383,P
-7.415089976038357,0.8131300584128125,-22.31275287913224,-11.537543185957427,-13.231428873701208,37.211887636144745,15.965559976690704,32.520458324355054,-13.9530572469907,51.036595477347916,2.7283588698805086,7.110253173024894,43.145157195848896,-4.0766390782896424,16.83970410596395,15.968178327897311,5.5538370478747705,12.027964631819252,16.563129161514063,24.200521213536533,Q
35.81852149727328,-12.757512780352636,-24.34075201605651,-6.356933310878868,-9.15601611605191,8.869537713324041,19.059315895579992,-42.067914609708254,-21.960935227651092,-5.9213938668319175,11.523190642441863,9.305212555337171,-4.0766390782896424,11.875418936533109,12.318685138721284,8.218040024517824,14.545274245926173,25.190701792838134,4.546763989851586,19.67950224629352,N
-6.978989921269127,-9.578626887407506,-10.53597571064359,7.918184547781472,-11.090490937932628,-2.8989111903599136,-2.682420348276205,3.6329982042995557,-4.2629975350876395,16.45650073557194,19.88161532043203,14.187499981279878,16.83970410596395,12.318685138721284,41.17321979674792,23.313878673386547,20.994650433034913,26.360057654353003,24.686352426210007,58.2903154032564,A
16.689468181267074,7.28730462583487,-24.596267906870423,34.76250707445872,10.179283432889665,39.89656033734947,19.07599149280259,-0.863172269258967,-14.19486102912224,2.9442004454211532,9.202533437303147,7.763923205062818,15.968178327897311,8.218040024517824,23.313878673386547,33.86643664031953,25.54046778059177,30.365390792119086,23.037303728936823,43.2004989480847,S
42.63546903757489,-8.584117953471885,-24.613904132802404,0.4600142294213406,-0.39787849595472663,18.045258914306253,21.904062810061824,10.480691599111722,11.804394739181586,0.8955536734679442,25.05611653229734,19.911661961856485,5.5538370478747705,14.545274245926173,20.994650433034913,25.54046778059177,35.22200341749816,18.691798593334184,-10.025271333143387,-16.31388884061485,K
3.516604604331814,-10.756228402389777,-26.657497975451083,-8.534603353150992,10.215407462041759,10.13496637622328,34.4585388478548,1.4540975991278988,39.66061421028455,12.302087327610314,28.533968866305486,12.873333380506786,12.027964631819252,25.190701792838134,26.360057654353003,30.365390792119086,18.691798593334184,59.873054702502984,30.276313126792193,44.16049853586117,G
1.9983475881045518,-13.309787386628072,-38.858893392352115,44.40708177959747,15.455952749570493,37.004652157547966,21.288479985991245,18.493682251659333,-4.550286323984706,14.718374372971695,-19.84223926847406,23.229002445586286,16.563129161514063,4.546763989851586,24.686352426210007,23.037303728936823,-10.025271333143387,30.276313126792193,62.868301766031706,22.646215057419933,E
-8.710573291767707,5.796693212398364,-15.690174266215484,39.50799094667769,2.9420870305212223,32.105561324630074,41.526672351605356,13.594591418741341,-20.40645423602454,9.819283540054013,-12.754409330563208,-1.384855061615383,24.200521213536533,19.67950224629352,58.2903154032564,43.2004989480847,-16.31388884061485,44.16049853586117,22.646215057419933,95.7199347191887,D
