W,F,Y,C,I,V,L,M,H,T,R,P,Q,N,A,S,K,G,E,D,AA
0.00024449877750611245,0.0017140058765915769,0.00392638036809816,0.0,0.0029418975239029173,0.0031878371750858263,0.0029418975239029173,0.0009787129924149743,0.0012236906510034262,0.002696078431372549,0.0031878371750858263,0.002450379808870375,0.0014687882496940024,0.0004891171435558817,0.0031878371750858263,0.0009787129924149743,0.0004891171435558817,0.0019593436198873378,0.0017140058765915769,0.0019593436198873378,W
0.0017140058765915769,0.006643700787401575,0.011122095897182402,0.0017140058765915769,0.013125309559187717,0.012122711528946067,0.01994515083520319,0.007139340226489414,0.005159705159705159,0.006148548942449582,0.004666011787819254,0.0036800785083415115,0.0031878371750858263,0.00392638036809816,0.008877928483353885,0.0031878371750858263,0.004172803141875307,0.007139340226489414,0.0063960639606396065,0.0036800785083415115,F
0.00392638036809816,0.011122095897182402,0.0049127978383689515,0.0014687882496940024,0.007139340226489414,0.007635467980295567,0.012623762376237625,0.003433897473632573,0.0031878371750858263,0.008380576780872565,0.006643700787401575,0.005406733841238634,0.00441934691873312,0.004172803141875307,0.007387343018960847,0.005406733841238634,0.0049127978383689515,0.008380576780872565,0.009375771033802122,0.0049127978383689515,Y
0.0,0.0017140058765915769,0.0014687882496940024,0.00024449877750611245,0.0019593436198873378,0.0019593436198873378,0.0014687882496940024,0.0012236906510034262,0.0012236906510034262,0.0012236906510034262,0.0,0.0019593436198873378,0.0012236906510034262,0.0009787129924149743,0.0017140058765915769,0.0004891171435558817,0.0009787129924149743,0.0019593436198873378,0.0004891171435558817,0.0004891171435558817,C
0.0029418975239029173,0.013125309559187717,0.007139340226489414,0.0019593436198873378,0.007387343018960847,0.01538843385455448,0.021473158551810236,0.007387343018960847,0.0031878371750858263,0.006643700787401575,0.005406733841238634,0.005406733841238634,0.006891459512675363,0.005653883972468043,0.014381353830895116,0.004666011787819254,0.005406733841238634,0.006891459512675363,0.005159705159705159,0.006148548942449582,I
0.0031878371750858263,0.012122711528946067,0.007635467980295567,0.0019593436198873378,0.01538843385455448,0.008629191321499015,0.020453978548266402,0.006148548942449582,0.002696078431372549,0.004172803141875307,0.004666011787819254,0.005653883972468043,0.002696078431372549,0.004666011787819254,0.014884644008930786,0.0029418975239029173,0.00441934691873312,0.008629191321499015,0.00392638036809816,0.00392638036809816,V
0.0029418975239029173,0.01994515083520319,0.012623762376237625,0.0014687882496940024,0.021473158551810236,0.020453978548266402,0.018929016189290163,0.010123456790123457,0.0049127978383689515,0.009375771033802122,0.008877928483353885,0.008629191321499015,0.006148548942449582,0.005159705159705159,0.020708582834331336,0.006643700787401575,0.005653883972468043,0.006891459512675363,0.007883715200788372,0.00441934691873312,L
0.0009787129924149743,0.007139340226489414,0.003433897473632573,0.0012236906510034262,0.007387343018960847,0.006148548942449582,0.010123456790123457,0.0012236906510034262,0.0017140058765915769,0.00392638036809816,0.0031878371750858263,0.002204801567858893,0.0009787129924149743,0.0049127978383689515,0.004172803141875307,0.002450379808870375,0.0017140058765915769,0.003433897473632573,0.0019593436198873378,0.0019593436198873378,M
0.0012236906510034262,0.005159705159705159,0.0031878371750858263,0.0012236906510034262,0.0031878371750858263,0.002696078431372549,0.0049127978383689515,0.0017140058765915769,0.002696078431372549,0.002696078431372549,0.0012236906510034262,0.002696078431372549,0.0029418975239029173,0.0031878371750858263,0.005159705159705159,0.003433897473632573,0.0017140058765915769,0.0014687882496940024,0.003433897473632573,0.00441934691873312,H
0.002696078431372549,0.006148548942449582,0.008380576780872565,0.0012236906510034262,0.006643700787401575,0.004172803141875307,0.009375771033802122,0.00392638036809816,0.002696078431372549,0.0017140058765915769,0.0049127978383689515,0.005901155642980083,0.0014687882496940024,0.0049127978383689515,0.007139340226489414,0.005159705159705159,0.0049127978383689515,0.006148548942449582,0.0049127978383689515,0.0049127978383689515,T
0.0031878371750858263,0.004666011787819254,0.006643700787401575,0.0,0.005406733841238634,0.004666011787819254,0.008877928483353885,0.0031878371750858263,0.0012236906510034262,0.0049127978383689515,0.0036800785083415115,0.0036800785083415115,0.004666011787819254,0.003433897473632573,0.006891459512675363,0.004666011787819254,0.0029418975239029173,0.00441934691873312,0.011372064276885044,0.008629191321499015,R
0.002450379808870375,0.0036800785083415115,0.005406733841238634,0.0019593436198873378,0.005406733841238634,0.005653883972468043,0.008629191321499015,0.002204801567858893,0.002696078431372549,0.005901155642980083,0.0036800785083415115,0.0009787129924149743,0.003433897473632573,0.0029418975239029173,0.0063960639606396065,0.00392638036809816,0.002696078431372549,0.005159705159705159,0.003433897473632573,0.005406733841238634,P
0.0014687882496940024,0.0031878371750858263,0.00441934691873312,0.0012236906510034262,0.006891459512675363,0.002696078431372549,0.006148548942449582,0.0009787129924149743,0.0029418975239029173,0.0014687882496940024,0.004666011787819254,0.003433897473632573,0.0014687882496940024,0.00392638036809816,0.005901155642980083,0.0031878371750858263,0.0036800785083415115,0.005159705159705159,0.00392638036809816,0.0029418975239029173,Q
0.0004891171435558817,0.00392638036809816,0.004172803141875307,0.0009787129924149743,0.005653883972468043,0.004666011787819254,0.005159705159705159,0.0049127978383689515,0.0031878371750858263,0.0049127978383689515,0.003433897473632573,0.0029418975239029173,0.00392638036809816,0.002450379808870375,0.005901155642980083,0.003433897473632573,0.002696078431372549,0.003433897473632573,0.004666011787819254,0.0029418975239029173,N
0.0031878371750858263,0.008877928483353885,0.007387343018960847,0.0017140058765915769,0.014381353830895116,0.014884644008930786,0.020708582834331336,0.004172803141875307,0.005159705159705159,0.007139340226489414,0.006891459512675363,0.0063960639606396065,0.005901155642980083,0.005901155642980083,0.007387343018960847,0.005901155642980083,0.005653883972468043,0.008132084770823066,0.007139340226489414,0.0029418975239029173,A
0.0009787129924149743,0.0031878371750858263,0.005406733841238634,0.0004891171435558817,0.004666011787819254,0.0029418975239029173,0.006643700787401575,0.002450379808870375,0.003433897473632573,0.005159705159705159,0.004666011787819254,0.00392638036809816,0.0031878371750858263,0.003433897473632573,0.005901155642980083,0.002450379808870375,0.002696078431372549,0.00392638036809816,0.00392638036809816,0.002204801567858893,S
0.0004891171435558817,0.004172803141875307,0.0049127978383689515,0.0009787129924149743,0.005406733841238634,0.00441934691873312,0.005653883972468043,0.0017140058765915769,0.0017140058765915769,0.0049127978383689515,0.0029418975239029173,0.002696078431372549,0.0036800785083415115,0.002696078431372549,0.005653883972468043,0.002696078431372549,0.0019593436198873378,0.004666011787819254,0.007635467980295567,0.007883715200788372,K
0.0019593436198873378,0.007139340226489414,0.008380576780872565,0.0019593436198873378,0.006891459512675363,0.008629191321499015,0.006891459512675363,0.003433897473632573,0.0014687882496940024,0.006148548942449582,0.00441934691873312,0.005159705159705159,0.005159705159705159,0.003433897473632573,0.008132084770823066,0.00392638036809816,0.004666011787819254,0.0029418975239029173,0.0049127978383689515,0.0031878371750858263,G
0.0017140058765915769,0.0063960639606396065,0.009375771033802122,0.0004891171435558817,0.005159705159705159,0.00392638036809816,0.007883715200788372,0.0019593436198873378,0.003433897473632573,0.0049127978383689515,0.011372064276885044,0.003433897473632573,0.00392638036809816,0.004666011787819254,0.007139340226489414,0.00392638036809816,0.007635467980295567,0.0049127978383689515,0.0019593436198873378,0.00441934691873312,E
0.0019593436198873378,0.0036800785083415115,0.0049127978383689515,0.0004891171435558817,0.006148548942449582,0.00392638036809816,0.00441934691873312,0.0019593436198873378,0.00441934691873312,0.0049127978383689515,0.008629191321499015,0.005406733841238634,0.0029418975239029173,0.0029418975239029173,0.0029418975239029173,0.002204801567858893,0.007883715200788372,0.0031878371750858263,0.00441934691873312,0.0007338551859099804,D
