W,F,Y,C,I,V,L,M,H,T,R,P,Q,N,A,S,K,G,E,D,AA
27.158313741514938,8.941872218675453,-21.976342918995297,-13.059119109721303,7.503312562752329,26.990320058671525,51.32059740133372,12.171233308920561,-2.2727535440446434,11.171806974536027,-24.43025691247905,13.72925911703111,12.509514451998301,20.983607244725995,13.380328611741794,32.65739711528635,3.6874469097759017,13.234596858293193,17.382329812182252,30.204365433529357,W
8.941872218675453,53.62019994363023,35.71195784181733,60.190951347055865,12.115392165459943,6.213193507137527,15.414581293802046,-3.6069266909875357,-13.133386539192992,9.338941625368154,-7.5081785801314,-26.187488816081927,11.347641300601428,0.9083018240556686,1.3861857012312093,-5.234314514727355,15.539039391233617,15.7513440320538,-4.130428362044607,-0.3949285539042531,F
-21.976342918995297,35.71195784181733,12.48192599979324,8.168975925535403,-3.7058072881318287,-9.953271244848883,11.258037187681655,-25.300938695993107,18.168375776798847,31.556006835920048,-19.848923649111168,-28.083638965736295,-8.067923016162128,16.786706471943376,-2.6795594621979837,62.43835125418625,-5.170203749797531,-15.567124995923184,-15.266584154054838,-26.03142370199401,Y
-13.059119109721303,60.190951347055865,8.168975925535403,inf,26.143038585078955,-4.363374127635302,63.643435869238694,36.408608180659954,inf,1.4871955454826504,-15.165186956940294,39.60952616056288,22.442779021914472,-6.100897303641976,20.35237392893133,-21.52661401557913,-38.54744430294813,-29.925396887206595,0.23229681318677303,-23.88362525137144,C
7.503312562752329,12.115392165459943,-3.7058072881318287,26.143038585078955,1.1537648071428914,9.320217786003356,7.827073366435595,20.05907595124585,-1.7181787018325991,13.68827716581057,-12.587887402752033,6.4853775266692395,-0.13132072775875683,-4.800189212889814,26.24796571795094,4.487819519209549,-26.613365581985914,15.885567952522802,6.555244781001009,17.7103855084234,I
26.990320058671525,6.213193507137527,-9.953271244848883,-4.363374127635302,9.320217786003356,18.143455143126516,10.066181033831903,-16.921150511215583,2.4742057487770315,28.69742748911794,-6.024581962693337,-12.84250235569836,16.364484569160005,0.8205193432041947,10.252348575719543,-5.210136374753815,-16.522124555128123,-8.178623567527351,-9.049800794145485,6.016729671845798,V
51.32059740133372,15.414581293802046,11.258037187681655,63.643435869238694,7.827073366435595,10.066181033831903,22.978060379369953,26.583375100401973,-14.10738893587912,10.875277577253762,-5.066745444766166,-4.519673022935786,9.79068648324852,-10.100272877212312,8.308584264980036,7.04776744882387,-12.357279885449044,-3.955808737586962,22.324393816722782,-2.8101734214860956,L
12.171233308920561,-3.6069266909875357,-25.300938695993107,36.408608180659954,20.05907595124585,-16.921150511215583,26.583375100401973,-5.643015024023786,-14.03027480900652,17.460748567346666,-45.943952580697534,-30.67972201400607,-4.1220799021985846,-29.444287681927566,5.561772824338923,5.064765336208546,-6.969716571529948,-11.27658034802779,-5.775632919759296,-19.069126874235465,M
-2.2727535440446434,-13.133386539192992,18.168375776798847,inf,-1.7181787018325991,2.4742057487770315,-14.10738893587912,-14.03027480900652,40.46727306619174,12.203533884346077,-20.508580722917202,-26.358562517862126,-6.969716571529948,-36.56773479618475,-9.442907718192513,27.478099729144684,-26.43201149607203,-17.54530045541466,-4.012243770230025,-30.529884080032716,H
11.171806974536027,9.338941625368154,31.556006835920048,1.4871955454826504,13.68827716581057,28.69742748911794,10.875277577253762,17.460748567346666,12.203533884346077,-1.1009423242527712,-9.35442451281793,-15.136900037705677,18.246781888197845,19.271324238035728,29.295391439511032,42.46698767507709,-9.431484337149419,35.62237706445654,-7.841970473198084,4.692661605287459,T
-24.43025691247905,-7.5081785801314,-19.848923649111168,-15.165186956940294,-12.587887402752033,-6.024581962693337,-5.066745444766166,-45.943952580697534,-20.508580722917202,-9.35442451281793,-13.602362080685204,-9.941186248072306,-4.422028543034772,-18.809635970116023,-13.386771696189085,4.287673634848801,-10.137562727295544,0.6135720556501697,-25.69374432438311,-16.50389182118502,R
13.72925911703111,-26.187488816081927,-28.083638965736295,39.60952616056288,6.4853775266692395,-12.84250235569836,-4.519673022935786,-30.67972201400607,-26.358562517862126,-15.136900037705677,-9.941186248072306,-22.482159815056228,1.2468652865127872,2.7315226336740177,1.5256493221541618,-7.086401439303894,2.6458089283630812,-13.456920082854296,-11.96385536646728,16.26961941085835,P
12.509514451998301,11.347641300601428,-8.067923016162128,22.442779021914472,-0.13132072775875683,16.364484569160005,9.79068648324852,-4.1220799021985846,-6.969716571529948,18.246781888197845,-4.422028543034772,1.2468652865127872,25.030439043732027,-3.8971765291071483,0.03102632107197133,-14.656069325683664,-4.555535327231315,-5.6411217347478555,-3.096973294738142,-1.0811759635688414,Q
20.983607244725995,0.9083018240556686,16.786706471943376,-6.100897303641976,-4.800189212889814,0.8205193432041947,-10.100272877212312,-29.444287681927566,-36.56773479618475,19.271324238035728,-18.809635970116023,2.7315226336740177,-3.8971765291071483,-9.1430305364932,-8.235680213629102,-5.577459440435581,-29.02974396025159,8.581969733856647,15.990070790859074,6.318268112259169,N
13.380328611741794,1.3861857012312093,-2.6795594621979837,20.35237392893133,26.24796571795094,10.252348575719543,8.308584264980036,5.561772824338923,-9.442907718192513,29.295391439511032,-13.386771696189085,1.5256493221541618,0.03102632107197133,-8.235680213629102,11.588985781961648,-11.145656437719055,-7.280624642733493,-6.374212191150856,-30.906407764508447,-6.424167749034476,A
32.65739711528635,-5.234314514727355,62.43835125418625,-21.52661401557913,4.487819519209549,-5.210136374753815,7.04776744882387,5.064765336208546,27.478099729144684,42.46698767507709,4.287673634848801,-7.086401439303894,-14.656069325683664,-5.577459440435581,-11.145656437719055,5.823806024192991,-24.404188027012573,9.416905186702236,-21.60968666165235,-0.11922478508559632,S
3.6874469097759017,15.539039391233617,-5.170203749797531,-38.54744430294813,-26.613365581985914,-16.522124555128123,-12.357279885449044,-6.969716571529948,-26.43201149607203,-9.431484337149419,-10.137562727295544,2.6458089283630812,-4.555535327231315,-29.02974396025159,-7.280624642733493,-24.404188027012573,-6.2845164688982,-26.802620704606504,-9.167469268286558,-17.083713962728837,K
13.234596858293193,15.7513440320538,-15.567124995923184,-29.925396887206595,15.885567952522802,-8.178623567527351,-3.955808737586962,-11.27658034802779,-17.54530045541466,35.62237706445654,0.6135720556501697,-13.456920082854296,-5.6411217347478555,8.581969733856647,-6.374212191150856,9.416905186702236,-26.802620704606504,17.015281221831273,10.028108125047824,3.620166731569559,G
17.382329812182252,-4.130428362044607,-15.266584154054838,0.23229681318677303,6.555244781001009,-9.049800794145485,22.324393816722782,-5.775632919759296,-4.012243770230025,-7.841970473198084,-25.69374432438311,-11.96385536646728,-3.096973294738142,15.990070790859074,-30.906407764508447,-21.60968666165235,-9.167469268286558,10.028108125047824,-24.81106116143828,-30.930401881228324,E
30.204365433529357,-0.3949285539042531,-26.03142370199401,-23.88362525137144,17.7103855084234,6.016729671845798,-2.8101734214860956,-19.069126874235465,-30.529884080032716,4.692661605287459,-16.50389182118502,16.26961941085835,-1.0811759635688414,6.318268112259169,-6.424167749034476,-0.11922478508559632,-17.083713962728837,3.620166731569559,-30.930401881228324,0.7872034102834504,D
