W,F,Y,C,I,V,L,M,H,T,R,P,Q,N,A,S,K,G,E,D,AA
-5.037169299603141,6.864161390054339,-21.04884014778625,24.68390076525433,12.138694709845042,6.6789335865357735,31.009210929197973,7.2894956199630645,-7.154491233002143,-5.547787817423947,-0.09167602582407337,3.719787615532171,7.6277767630408135,28.60821063862605,1.0054729528196436,22.65745221418409,28.939559044731382,7.011701550312442,-1.3528297765053978,-6.158302896213714,W
6.864161390054339,-16.799356722007776,-24.66977688186911,2.43736205847241,-6.357034930683174,0.6039514195427256,-4.503358702383843,-16.01830771600981,-24.942580724002543,-6.165978978592021,-1.2766989427374398,7.13589555560553,6.459332514107549,-13.081817022342934,-5.074808775238982,13.653047569432275,-14.95678042136852,-9.209246547702747,-16.986955647427504,-14.385047400302856,F
-21.04884014778625,-24.66977688186911,-29.503908206854756,-8.533361187594437,-2.7747856910136486,1.715903329922809,-4.087308745636832,3.519025057981786,-9.49657109911824,-20.141364317124292,-6.3327027740958775,-3.235014394730975,-0.4225479845766644,-18.847583681747995,-7.26901168570014,-14.63228047592278,-11.845716048942972,-17.653896850214544,-28.15495725162856,-11.415340115759685,Y
24.68390076525433,2.43736205847241,-8.533361187594437,52.364180435332955,7.407878996391301,13.77275406497906,27.280767539495628,-10.41510355655289,-18.082072710877732,2.4123671734082355,82.82831191171512,-7.214185576649958,-9.752704019203598,-16.10084220474424,1.6172143402436814,28.73934520235361,-10.481779698220892,2.064153205137921,37.9753166881624,31.486903364659614,C
12.138694709845042,-6.357034930683174,-2.7747856910136486,7.407878996391301,2.0859652872925727,11.994870898734254,11.100113507041394,-9.27912166968123,-9.61531195509784,-1.6419050597097713,5.636700009619538,-10.286207606094885,-16.90290586052288,-19.43253674258052,-0.5469476164865447,-4.210993954600943,-15.13900535792962,-0.3231222945789265,-0.47110549876074653,-17.404719680663185,I
6.6789335865357735,0.6039514195427256,1.715903329922809,13.77275406497906,11.994870898734254,19.074476740244698,14.848654762857777,8.022083975908737,7.475985614617729,32.55443020500549,14.930726735092753,-1.368142131642064,26.81748323749605,0.5198082475193301,3.565710397040969,32.68292047677937,10.708274223425965,-9.534990937240496,10.331974159388144,15.900451916627325,V
31.009210929197973,-4.503358702383843,-4.087308745636832,27.280767539495628,11.100113507041394,14.848654762857777,10.418380791351064,3.9359619723584323,7.970764880035516,9.203429697723255,11.758761889532034,1.2185322572984458,6.474534328723731,4.515810709022013,2.709811343070603,10.798970050383144,2.425605518370191,5.3981003774125105,1.7380965284505305,16.44662348499114,L
7.2894956199630645,-16.01830771600981,3.519025057981786,-10.41510355655289,-9.27912166968123,8.022083975908737,3.9359619723584323,-3.1354566667619204,3.3096514944105664,-2.850637904789085,6.662174379663151,3.6864058436473557,19.02475571810158,-33.65046679638263,4.280305199137243,4.764693546377289,-22.43517701586001,3.4530679245594227,1.860826103623053,-4.7195748751392905,M
-7.154491233002143,-24.942580724002543,-9.49657109911824,-18.082072710877732,-9.61531195509784,7.475985614617729,7.970764880035516,3.3096514944105664,-36.51346937161356,11.903462094514822,26.061199874502027,-10.771881963861977,-13.979911651822244,-24.328173243516872,-14.337805334959791,-12.699111427479295,0.4345703617849434,24.866766330432167,0.9895360956106711,-12.34963544717581,H
-5.547787817423947,-6.165978978592021,-20.141364317124292,2.4123671734082355,-1.6419050597097713,32.55443020500549,9.203429697723255,-2.850637904789085,11.903462094514822,25.765639533604194,-2.9518356188208412,-12.24529584146747,29.669817105098378,-5.068579443730977,2.091645329813864,0.48115346842909634,-5.57448162126187,6.337448880991113,1.526398385503973,1.6538411657962837,T
-0.09167602582407337,-1.2766989427374398,-6.3327027740958775,82.82831191171512,5.636700009619538,14.930726735092753,11.758761889532034,6.662174379663151,26.061199874502027,-2.9518356188208412,-3.9229589768213313,7.45953348112883,-7.936956696874955,11.5968740089889,-0.8803882490987236,4.652988373193636,4.592085545291675,1.5434177477720423,-6.294198014922542,-1.0758242270100224,R
3.719787615532171,7.13589555560553,-3.235014394730975,-7.214185576649958,-10.286207606094885,-1.368142131642064,1.2185322572984458,3.6864058436473557,-10.771881963861977,-12.24529584146747,7.45953348112883,4.38442204280075,5.882247433605499,-4.797406997442444,-10.885731702868119,-10.125221878795069,-19.900948113829593,-8.808449289641219,-2.080133121685746,-22.483579746585814,P
7.6277767630408135,6.459332514107549,-0.4225479845766644,-9.752704019203598,-16.90290586052288,26.81748323749605,6.474534328723731,19.02475571810158,-13.979911651822244,29.669817105098378,-7.936956696874955,5.882247433605499,8.328101930602186,-11.794309782372391,-7.281211054847654,5.524797749398901,-10.217298010439634,-2.1475049037123224,-7.303152409193202,-4.3870993388908115,Q
28.60821063862605,-13.081817022342934,-18.847583681747995,-16.10084220474424,-19.43253674258052,0.5198082475193301,4.515810709022013,-33.65046679638263,-24.328173243516872,-5.068579443730977,11.5968740089889,-4.797406997442444,-11.794309782372391,-9.443102326324448,-15.785577783937423,-2.523294286793389,-8.83515937393186,-6.58508010966397,-14.505749021743068,0.6565054290508499,N
1.0054729528196436,-5.074808775238982,-7.26901168570014,1.6172143402436814,-0.5469476164865447,3.565710397040969,2.709811343070603,4.280305199137243,-14.337805334959791,2.091645329813864,-0.8803882490987236,-10.885731702868119,-7.281211054847654,-15.785577783937423,-11.045795106846205,1.9903565804338612,-4.764783045855723,-5.442011711001172,-8.131254420478951,18.90112440182718,A
22.65745221418409,13.653047569432275,-14.63228047592278,28.73934520235361,-4.210993954600943,32.68292047677937,10.798970050383144,4.764693546377289,-12.699111427479295,0.48115346842909634,4.652988373193636,-10.125221878795069,5.524797749398901,-2.523294286793389,1.9903565804338612,3.7478979645157966,0.9211041238490784,2.741392887556787,3.7400958379582536,21.69769351783356,S
28.939559044731382,-14.95678042136852,-11.845716048942972,-10.481779698220892,-15.13900535792962,10.708274223425965,2.425605518370191,-22.43517701586001,0.4345703617849434,-5.57448162126187,4.592085545291675,-19.900948113829593,-10.217298010439634,-8.83515937393186,-4.764783045855723,0.9211041238490784,-16.289222392343234,-5.70977245590833,-8.60285483014011,-5.996368807520384,K
7.011701550312442,-9.209246547702747,-17.653896850214544,2.064153205137921,-0.3231222945789265,-9.534990937240496,5.3981003774125105,3.4530679245594227,24.866766330432167,6.337448880991113,1.5434177477720423,-8.808449289641219,-2.1475049037123224,-6.58508010966397,-5.442011711001172,2.741392887556787,-5.70977245590833,21.167808142129168,1.8556057998925446,15.859728284237438,G
-1.3528297765053978,-16.986955647427504,-28.15495725162856,37.9753166881624,-0.47110549876074653,10.331974159388144,1.7380965284505305,1.860826103623053,0.9895360956106711,1.526398385503973,-6.294198014922542,-2.080133121685746,-7.303152409193202,-14.505749021743068,-8.131254420478951,3.7400958379582536,-8.60285483014011,1.8556057998925446,-13.388025944537747,-21.42001276598523,E
-6.158302896213714,-14.385047400302856,-11.415340115759685,31.486903364659614,-17.404719680663185,15.900451916627325,16.44662348499114,-4.7195748751392905,-12.34963544717581,1.6538411657962837,-1.0758242270100224,-22.483579746585814,-4.3870993388908115,0.6565054290508499,18.90112440182718,21.69769351783356,-5.996368807520384,15.859728284237438,-21.42001276598523,1.7123750382090341,D
