W,F,Y,C,I,V,L,M,H,T,R,P,Q,N,A,S,K,G,E,D,AA
0.4764805414551607,0.9532852903772786,1.021586223623575,2.3846804909013963,1.112637828668363,0.6264495985727029,0.6264495985727029,0.8936812023708721,0.8936812023708721,0.680462273854904,1.7514018691588784,0.7941550190597204,0.8936812023708721,1.191917054591621,0.7520581870105532,0.7943292424883623,1.788632514817951,0.8665049478264218,0.649603571703487,0.4328857769399454,W
0.9532852903772786,0.19760795935647754,0.24899042859373954,0.2645234066553864,0.6535453500871047,0.8788354746492295,0.6321506663120883,0.7514259511933256,0.7619176919813322,0.699762707630823,1.1542896362388468,2.153941201533873,0.893545994065282,0.7246008039237378,0.8617673884900553,1.5448048378229795,0.49549788135593226,0.5628518452327764,0.7437632696390658,0.7246008039237378,F
1.021586223623575,0.24899042859373954,0.38031342651418887,0.6807327247445741,1.021668999939132,1.3082530193973405,0.702338605008893,1.9417782738095237,0.5288719469151489,0.3041069100391134,1.365092902832775,1.7720919213456525,1.1924872665534805,0.4402071563088512,0.8997160704145373,0.16954839489752735,0.8575212224108658,0.9530864197530864,0.743218085106383,1.4001057392938967,Y
2.3846804909013963,0.2645234066553864,0.6807327247445741,0.0,0.649603571703487,1.5183128999922895,0.4328857769399454,0.3402223833695915,0.0,1.0215313898633118,9.54849639983058,0.3402223833695915,0.4764805414551607,0.7943292424883623,0.649603571703487,3.1817026683608636,1.9083439220669207,2.0887934690415606,2.3846804909013963,3.578535139712108,C
1.112637828668363,0.6535453500871047,1.021668999939132,0.649603571703487,1.0216967333008287,1.063522129756138,1.0782771483256262,0.5088830948338589,0.8337362171331637,0.7025838744588744,1.5214086255041885,0.6796481649984835,0.6796481649984835,0.7139643463497454,0.5395738162911986,0.8184871495327102,1.3023976449626216,0.6885145105755042,0.8506217773733697,0.44550127172530735,I
0.6264495985727029,0.8788354746492295,1.3082530193973405,1.5183128999922895,1.063522129756138,1.021668999939132,1.1164126203937836,1.7759565852180381,1.122064438842996,1.092873831775701,1.6201420235604975,1.3023976449626216,1.2721255833686889,0.993099787685775,0.857301568322672,2.3929331630481054,1.8719919971841943,0.9692511529912612,1.5624918097234963,1.2555592803665212,V
0.6264495985727029,0.6321506663120883,0.702338605008893,0.4328857769399454,1.0782771483256262,1.1164126203937836,0.7488644324422047,0.5936437074829932,1.6625761193477335,0.9622358230506695,1.473177486893732,1.14125331700347,0.9264851836098115,1.4001057392938967,0.8790473535385719,1.0902146810192788,1.4054935406998619,1.2403352635388563,0.6224966622162883,1.5580018501387602,L
0.8936812023708721,0.7514259511933256,1.9417782738095237,0.3402223833695915,0.5088830948338589,1.7759565852180381,0.5936437074829932,1.059438091204292,1.49073093220339,0.6264495985727029,3.3578498293515358,2.2062833044558503,1.7039951573849879,0.9076913752348627,0.9709241952232605,0.993114406779661,0.7003988035892323,1.4037716997627077,1.192242475625265,1.3915394402035624,M
0.8936812023708721,0.7619176919813322,0.5288719469151489,0.0,0.8337362171331637,1.122064438842996,1.6625761193477335,1.49073093220339,0.1698996857626299,0.993114406779661,2.922118380062305,1.4317487266553481,0.8509382566585956,1.3255484784147205,0.8934104414261461,0.3964860287891617,1.8563754594288946,2.6553432413305025,1.122064438842996,1.5198561540543678,H
0.680462273854904,0.699762707630823,0.3041069100391134,1.0215313898633118,0.7025838744588744,1.092873831775701,0.9622358230506695,0.6264495985727029,0.993114406779661,1.8563754594288946,1.1588464346556342,1.0688482289467511,1.3008593780107136,0.5709537939805003,0.5345182512733446,0.38031342651418887,1.092873831775701,0.509507660631018,1.2407482993197279,0.9324204620949287,T
1.7514018691588784,1.1542896362388468,1.365092902832775,9.54849639983058,1.5214086255041885,1.6201420235604975,1.473177486893732,3.3578498293515358,2.922118380062305,1.1588464346556342,1.2496662216288383,1.4928191489361702,0.9222543629957639,2.01402612533889,1.3337174532847225,1.008447160316319,1.4037716997627077,1.0216413373860183,1.5631313131313131,1.4265292334058401,R
0.7941550190597204,2.153941201533873,1.7720919213456525,0.3402223833695915,0.6796481649984835,1.3023976449626216,1.14125331700347,2.2062833044558503,1.4317487266553481,1.0688482289467511,1.4928191489361702,1.8563754594288946,1.112637828668363,0.8408348502605791,0.7514259511933256,0.9324204620949287,0.5950211864406779,1.1129732028923862,1.2555592803665212,0.4097019286966686,P
0.8936812023708721,0.893545994065282,1.1924872665534805,0.4764805414551607,0.6796481649984835,1.2721255833686889,0.9264851836098115,1.7039951573849879,0.8509382566585956,1.3008593780107136,0.9222543629957639,1.112637828668363,0.6807327247445741,0.8337362171331637,0.8450406994271932,1.5915074309978767,0.877773313691353,1.0837676124300328,0.9076913752348627,0.9267034209782302,Q
1.191917054591621,0.7246008039237378,0.4402071563088512,0.7943292424883623,0.7139643463497454,0.993099787685775,1.4001057392938967,0.9076913752348627,1.3255484784147205,0.5709537939805003,2.01402612533889,0.8408348502605791,0.8337362171331637,0.993114406779661,0.8404289892752681,1.0728565365025466,1.5920101997450065,0.7052279262716258,0.49549788135593226,0.877773313691353,N
0.7520581870105532,0.8617673884900553,0.8997160704145373,0.649603571703487,0.5395738162911986,0.857301568322672,0.8790473535385719,0.9709241952232605,0.8934104414261461,0.5345182512733446,1.3337174532847225,0.7514259511933256,0.8450406994271932,0.8404289892752681,0.5938164045898853,1.3531942078364567,1.059640175662275,1.0216967333008287,1.6894740809608766,1.7916489587760307,A
0.7943292424883623,1.5448048378229795,0.16954839489752735,3.1817026683608636,0.8184871495327102,2.3929331630481054,1.0902146810192788,0.993114406779661,0.3964860287891617,0.38031342651418887,1.008447160316319,0.9324204620949287,1.5915074309978767,1.0728565365025466,1.3531942078364567,0.9533248623464634,1.7916489587760307,0.8575212224108658,1.792659574468085,1.652605459057072,S
1.788632514817951,0.49549788135593226,0.8575212224108658,1.9083439220669207,1.3023976449626216,1.8719919971841943,1.4054935406998619,0.7003988035892323,1.8563754594288946,1.092873831775701,1.4037716997627077,0.5950211864406779,0.877773313691353,1.5920101997450065,1.059640175662275,1.7916489587760307,0.79424216765453,1.6252810902896082,1.013085604770017,1.290843081887858,K
0.8665049478264218,0.5628518452327764,0.9530864197530864,2.0887934690415606,0.6885145105755042,0.9692511529912612,1.2403352635388563,1.4037716997627077,2.6553432413305025,0.509507660631018,1.0216413373860183,1.1129732028923862,1.0837676124300328,0.7052279262716258,1.0216967333008287,0.8575212224108658,1.6252810902896082,1.100335865914501,0.828466547379683,1.3255484784147205,G
0.649603571703487,0.7437632696390658,0.743218085106383,2.3846804909013963,0.8506217773733697,1.5624918097234963,0.6224966622162883,1.192242475625265,1.122064438842996,1.2407482993197279,1.5631313131313131,1.2555592803665212,0.9076913752348627,0.49549788135593226,1.6894740809608766,1.792659574468085,1.013085604770017,0.828466547379683,1.3008593780107136,1.2448123579519208,E
0.4328857769399454,0.7246008039237378,1.4001057392938967,3.578535139712108,0.44550127172530735,1.2555592803665212,1.5580018501387602,1.3915394402035624,1.5198561540543678,0.9324204620949287,1.4265292334058401,0.4097019286966686,0.9267034209782302,0.877773313691353,1.7916489587760307,1.652605459057072,1.290843081887858,1.3255484784147205,1.2448123579519208,1.0215313898633118,D
