W,F,Y,C,I,V,L,M,H,T,R,P,Q,N,A,S,K,G,E,D,AA
-3.9253513898640082,-39.94237567638347,-66.54645358129143,-46.08979425662559,-27.21851976910311,-2.8834481650754547,11.6742354056381,-29.36093032968782,-28.03722718962227,-5.726673867517213,-47.89846850425289,-12.770202700752971,-1.10330716873407,12.003182605076583,2.828292215397613,22.998376139742746,1.192621404322779,9.831264886302922,15.015442103826333,27.743860011965722,W
-39.94237567638347,32.09463041944199,-7.000148029268375,25.913494536857336,-28.923740991514418,-29.476716660580433,-26.164134500861724,-47.850811903229896,-28.844217322762805,-3.7492681267014096,-19.560271348163504,-36.467829656900314,10.620412195079545,-0.6136997478783478,-9.973631404182882,-9.321704952774489,20.852871581349756,16.40285714820095,4.480583563936529,15.126977659008963,F
-66.54645358129143,-7.000148029268375,1.702283864640162,-13.147566609510775,-35.496809746938375,-36.5495149094925,-18.003905549440997,-60.28517002862739,-7.6072638232075755,17.506154067929952,-41.086333053341626,-50.02028949000255,-15.983665709827491,5.096237518765132,-9.662232067950747,55.94060378686046,-13.687737136770314,-17.65380362949009,-22.160533783234897,-32.53236781802702,Y
-46.08979425662559,25.913494536857336,-13.147566609510775,inf,-2.398439945284487,-29.584279911483453,39.47220018158485,6.336745077969363,inf,-5.265617544295755,-15.887454221575128,35.439736987607766,34.594368238923344,-0.04802535240319142,20.93527906350325,-19.192604839500298,-23.370850833865305,-26.578966571775,20.591742887400766,-1.9348566865744394,C
-27.21851976910311,-28.923740991514418,-35.496809746938375,-2.398439945284487,-13.87238483620499,-29.080659785001068,-32.87751081427652,-15.864653465500142,-3.589651918521951,4.237986119528965,-14.847151525560081,8.64415192305846,7.79878317437105,7.871950728210593,16.213544667127895,10.115243930221416,-15.580320949533979,27.087905698541604,23.917532446931904,41.27701951771818,I
-2.8834481650754547,-29.476716660580433,-36.5495149094925,-29.584279911483453,-29.080659785001068,12.249134447897003,-23.9795587091535,-47.18657784609911,0.27817937533449094,21.215414759821726,-5.161703710459785,-7.3454329588042,27.212099396217283,12.963212022228204,2.048849820207196,3.4356178225706033,-5.8948731344342695,2.650993377224726,10.428806235271196,28.70388942911451,V
11.6742354056381,-26.164134500861724,-18.003905549440997,39.47220018158485,-32.87751081427652,-23.9795587091535,10.927593865999206,-7.665403237535094,-15.414793195022627,7.505552256828642,-9.101375353575756,-1.5768470601446243,17.355282758362623,4.346721566180207,1.154864000385281,17.993301393283147,4.0500371254625,12.03773401611896,44.002950021172396,25.560142174941696,L
-29.36093032968782,-47.850811903229896,-60.28517002862739,6.336745077969363,-15.864653465500142,-47.18657784609911,-7.665403237535094,-19.572900037058037,-27.953726471481964,6.869091131323541,-53.86084986744658,-38.32456945248053,-1.0198064505992739,-26.00806572801206,-1.2828347893684968,5.454368116822718,1.2761221224589172,-7.768078831772478,7.162412008749152,-4.4497717998826705,M
-28.03722718962227,-28.844217322762805,-7.6072638232075755,inf,-3.589651918521951,0.27817937533449094,-15.414793195022627,-27.953726471481964,43.33580009634256,8.192794271394897,-24.269600653671887,-24.451656757675565,0.3038966894711057,-34.41223099468803,8.792768683356195,28.999735249269243,-12.049798526398641,-6.4443756917030175,-4.044594348138567,-33.35818538962357,H
-5.726673867517213,-3.7492681267014096,17.506154067929952,-5.265617544295755,4.237986119528965,21.215414759821726,7.505552256828642,6.869091131323541,8.192794271394897,28.36386942058031,-8.463243266053702,-5.672720312717358,27.19018347906403,22.66916451182143,43.615586286162674,51.31028857136754,3.069820336845204,50.637019814807275,9.600660211156278,20.745450536086096,T
-47.89846850425289,-19.560271348163504,-41.086333053341626,-15.887454221575128,-14.847151525560081,-5.161703710459785,-9.101375353575756,-53.86084986744658,-24.269600653671887,-8.463243266053702,12.441616134344132,-10.034028897414409,-1.1329898548671857,-18.221773522781902,2.6317534205146127,9.1384939346349,9.117961751841865,12.567438689641827,-41.01893271284891,-31.483483740555734,R
-12.770202700752971,-36.467829656900314,-50.02028949000255,35.439736987607766,8.64415192305846,-7.3454329588042,-1.5768470601446243,-38.32456945248053,-24.451656757675565,-5.672720312717358,-10.034028897414409,14.276438697971969,13.433561670114372,15.62563567858537,24.022847898192627,8.956437830629673,30.379114032099768,6.648281276046839,14.006826014685911,39.302843898685495,P
-1.10330716873407,10.620412195079545,-15.983665709827491,34.594368238923344,7.79878317437105,27.212099396217283,17.355282758362623,-1.0198064505992739,0.3038966894711057,27.19018347906403,-1.1329898548671857,13.433561670114372,67.08444874420861,8.067173954184646,26.974788371584875,3.516882560860366,14.884121494485367,20.489544329180664,22.88932567274502,23.8078513610709,Q
12.003182605076583,-0.6136997478783478,5.096237518765132,-0.04802535240319142,7.871950728210593,12.963212022228204,4.346721566180207,-26.00806572801206,-34.41223099468803,22.66916451182143,-18.221773522781902,15.62563567858537,8.067173954184646,18.192959322614797,18.65646018226277,3.590050114699867,-13.137405434399675,25.696393768684278,38.835547015673036,19.28683239382789,N
2.828292215397613,-9.973631404182882,-9.662232067950747,20.93527906350325,16.213544667127895,2.048849820207196,1.154864000385281,-1.2828347893684968,8.792768683356195,43.615586286162674,2.6317534205146127,24.022847898192627,26.974788371584875,18.65646018226277,57.26611443255011,14.432502723818686,25.473407722563145,22.15407863362241,8.971177507728651,34.397137589149054,A
22.998376139742746,-9.321704952774489,55.94060378686046,-19.192604839500298,10.115243930221416,3.4356178225706033,17.993301393283147,5.454368116822718,28.999735249269243,51.31028857136754,9.1384939346349,8.956437830629673,3.516882560860366,3.590050114699867,14.432502723818686,49.89337673806891,-2.142211899734082,31.557905417685937,1.9342010085352654,19.330727521585935,S
1.192621404322779,20.852871581349756,-13.687737136770314,-23.370850833865305,-15.580320949533979,-5.8948731344342695,4.0500371254625,1.2761221224589172,-12.049798526398641,3.069820336845204,9.117961751841865,30.379114032099768,14.884121494485367,-13.137405434399675,25.473407722563145,-2.142211899734082,54.04892798017617,-0.3887011245228549,-7.716788187705237,-19.729511001640702,K
9.831264886302922,16.40285714820095,-17.65380362949009,-26.578966571775,27.087905698541604,2.650993377224726,12.03773401611896,-7.768078831772478,-6.4443756917030175,50.637019814807275,12.567438689641827,6.648281276046839,20.489544329180664,25.696393768684278,22.15407863362241,31.557905417685937,-0.3887011245228549,66.19347782575119,46.336162008488394,31.70920276882422,G
15.015442103826333,4.480583563936529,-22.160533783234897,20.591742887400766,23.917532446931904,10.428806235271196,44.002950021172396,7.162412008749152,-4.044594348138567,9.600660211156278,-41.01893271284891,14.006826014685911,22.88932567274502,38.835547015673036,8.971177507728651,1.9342010085352654,-7.716788187705237,46.336162008488394,51.537031523121534,16.426092671990414,E
27.743860011965722,15.126977659008963,-32.53236781802702,-1.9348566865744394,41.27701951771818,28.70388942911451,25.560142174941696,-4.4497717998826705,-33.35818538962357,20.745450536086096,-31.483483740555734,39.302843898685495,23.8078513610709,19.28683239382789,34.397137589149054,19.330727521585935,-19.729511001640702,31.70920276882422,16.426092671990414,71.89683533427267,D
