W,F,Y,C,I,V,L,M,H,T,R,P,Q,N,A,S,K,G,E,D,AA
-3.9253513898579206,-39.94237567638322,-66.5464535812894,-46.089794256622355,-27.218519769101672,-2.8834481650740833,11.674235405638617,-29.36093032968636,-28.037227189616125,-5.726673867517144,-47.89846850425037,-12.770202700752787,-1.1033071687331584,12.003182605079564,2.828292215398318,22.99837613974486,1.1926214043246226,9.83126488630311,15.01544210382783,27.74386001196586,W
-39.94237567638322,32.094630419442574,-7.000148029267233,25.913494536861542,-28.92374099151397,-29.47671666058013,-26.16413450086139,-47.85081190322917,-28.844217322760556,-3.7492681267011974,-19.560271348163045,-36.46782965689969,10.620412195079563,-0.613699747876969,-9.973631404182576,-9.321704952773928,20.852871581350946,16.402857148201466,4.480583563936872,15.126977659009341,F
-66.5464535812894,-7.000148029267233,1.7022838646420069,-13.147566609506365,-35.496809746938375,-36.54951490949172,-18.003905549440784,-60.28517002862732,-7.607263823207027,17.50615406793117,-41.08633305334137,-50.020289490001154,-15.983665709826603,5.09623751876556,-9.662232067950569,55.940603786860855,-13.68773713676883,-17.653803629489246,-22.160533783234026,-32.532367818026636,Y
-46.089794256622355,25.913494536861542,-13.147566609506365,inf,-2.3984399452814937,-29.584279911483335,39.47220018158679,6.336745077970228,inf,-5.2656175442920725,-15.887454221574815,35.4397369876107,34.59436823892344,-0.048025352402266686,20.93527906350467,-19.192604839499285,-23.370850833864104,-26.578966571773833,20.591742887401416,-1.9348566865713865,C
-27.218519769101672,-28.92374099151397,-35.496809746938375,-2.3984399452814937,-13.872384836204569,-29.080659785000982,-32.87751081427628,-15.86465346549952,-3.589651918521853,4.237986119529087,-14.847151525559788,8.644151923058537,7.79878317437127,7.8719507282109875,16.213544667128076,10.115243930221457,-15.580320949533805,27.08790569854202,23.917532446932256,41.27701951771854,I
-2.8834481650740833,-29.47671666058013,-36.54951490949172,-29.584279911483335,-29.080659785000982,12.24913444789715,-23.979558709153473,-47.18657784609813,0.27817937533498105,21.21541475982193,-5.161703710459623,-7.345432958804151,27.21209939621796,12.96321202222873,2.0488498202074537,3.4356178225706344,-5.894873134433638,2.6509933772249257,10.428806235271214,28.70388942911502,V
11.674235405638617,-26.16413450086139,-18.003905549440784,39.47220018158679,-32.87751081427628,-23.979558709153473,10.927593865999311,-7.665403237534164,-15.414793195022236,7.505552256828916,-9.101375353575639,-1.5768470601444478,17.355282758362765,4.346721566180223,1.1548640003853108,17.993301393283335,4.0500371254625,12.037734016119195,44.0029500211727,25.56014217494173,L
-29.36093032968636,-47.85081190322917,-60.28517002862732,6.336745077970228,-15.86465346549952,-47.18657784609813,-7.665403237534164,-19.572900037056172,-27.953726471481122,6.869091131324762,-53.86084986744648,-38.32456945248002,-1.019806450598153,-26.00806572801161,-1.2828347893681786,5.454368116824451,1.2761221224596322,-7.768078831772268,7.162412008749238,-4.449771799881982,M
-28.037227189616125,-28.844217322760556,-7.607263823207027,inf,-3.589651918521853,0.27817937533498105,-15.414793195022236,-27.953726471481122,43.3358000963438,8.192794271394996,-24.269600653670544,-24.451656757675504,0.30389668947208165,-34.412230994687896,8.792768683356886,28.99973524926927,-12.049798526397568,-6.444375691702028,-4.0445943481376885,-33.35818538962296,H
-5.726673867517144,-3.7492681267011974,17.50615406793117,-5.2656175442920725,4.237986119529087,21.21541475982193,7.505552256828916,6.869091131324762,8.192794271394996,28.36386942058096,-8.463243266053457,-5.672720312717138,27.190183479064366,22.66916451182167,43.61558628616277,51.31028857136825,3.069820336846053,50.63701981480753,9.600660211156583,20.745450536086697,T
-47.89846850425037,-19.560271348163045,-41.08633305334137,-15.887454221574815,-14.847151525559788,-5.161703710459623,-9.101375353575639,-53.86084986744648,-24.269600653670544,-8.463243266053457,12.441616134344208,-10.034028897413888,-1.1329898548670165,-18.221773522781255,2.6317534205148276,9.138493934635026,9.11796175184262,12.567438689642014,-41.01893271284882,-31.483483740555197,R
-12.770202700752787,-36.46782965689969,-50.020289490001154,35.4397369876107,8.644151923058537,-7.345432958804151,-1.5768470601444478,-38.32456945248002,-24.451656757675504,-5.672720312717138,-10.034028897413888,14.27643869797241,13.43356167011489,15.625635678586026,24.022847898192843,8.956437830630058,30.37911403210011,6.648281276046839,14.00682601468603,39.30284389868592,P
-1.1033071687331584,10.620412195079563,-15.983665709826603,34.59436823892344,7.79878317437127,27.21209939621796,17.355282758362765,-1.019806450598153,0.30389668947208165,27.190183479064366,-1.1329898548670165,13.43356167011489,67.08444874420904,8.06717395418493,26.974788371585024,3.5168825608603766,14.884121494485408,20.489544329180944,22.88932567274528,23.807851361071226,Q
12.003182605079564,-0.613699747876969,5.09623751876556,-0.048025352402266686,7.8719507282109875,12.96321202222873,4.346721566180223,-26.00806572801161,-34.412230994687896,22.66916451182167,-18.221773522781255,15.625635678586026,8.06717395418493,18.19295932261516,18.65646018226288,3.5900501147000927,-13.137405434398996,25.69639376868476,38.83554701567334,19.286832393828522,N
2.828292215398318,-9.973631404182576,-9.662232067950569,20.93527906350467,16.213544667128076,2.0488498202074537,1.1548640003853108,-1.2828347893681786,8.792768683356886,43.61558628616277,2.6317534205148276,24.022847898192843,26.974788371585024,18.65646018226288,57.26611443255022,14.432502723818825,25.47340772256336,22.154078633622483,8.97117750772875,34.39713758914918,A
22.99837613974486,-9.321704952773928,55.940603786860855,-19.192604839499285,10.115243930221457,3.4356178225706344,17.993301393283335,5.454368116824451,28.99973524926927,51.31028857136825,9.138493934635026,8.956437830630058,3.5168825608603766,3.5900501147000927,14.432502723818825,49.89337673806898,-2.1422118997337054,31.55790541768595,1.9342010085353665,19.330727521586386,S
1.1926214043246226,20.852871581350946,-13.68773713676883,-23.370850833864104,-15.580320949533805,-5.894873134433638,4.0500371254625,1.2761221224596322,-12.049798526397568,3.069820336846053,9.11796175184262,30.37911403210011,14.884121494485408,-13.137405434398996,25.47340772256336,-2.1422118997337054,54.04892798017714,-0.3887011245224822,-7.716788187704664,-19.729511001640258,K
9.83126488630311,16.402857148201466,-17.653803629489246,-26.578966571773833,27.08790569854202,2.6509933772249257,12.037734016119195,-7.768078831772268,-6.444375691702028,50.63701981480753,12.567438689642014,6.648281276046839,20.489544329180944,25.69639376868476,22.154078633622483,31.55790541768595,-0.3887011245224822,66.19347782575134,46.336162008488444,31.709202768824536,G
15.01544210382783,4.480583563936872,-22.160533783234026,20.591742887401416,23.917532446932256,10.428806235271214,44.0029500211727,7.162412008749238,-4.0445943481376885,9.600660211156583,-41.01893271284882,14.00682601468603,22.88932567274528,38.83554701567334,8.97117750772875,1.9342010085353665,-7.716788187704664,46.336162008488444,51.53703152312168,16.426092671990506,E
27.74386001196586,15.126977659009341,-32.532367818026636,-1.9348566865713865,41.27701951771854,28.70388942911502,25.56014217494173,-4.449771799881982,-33.35818538962296,20.745450536086697,-31.483483740555197,39.30284389868592,23.807851361071226,19.286832393828522,34.39713758914918,19.330727521586386,-19.729511001640258,31.709202768824536,16.426092671990506,71.89683533427267,D
