W,F,Y,C,I,V,L,M,H,T,R,P,Q,N,A,S,K,G,E,D,AA
-36.12083443098208,-42.02008650500459,-65.61895081008238,-8.346774381649956,-22.583137622010398,-23.194834637211205,-8.637151066497651,-34.24266801864532,-32.91896487857976,-22.44626865947719,-23.559887617597912,-22.779674202251915,-5.985044857691561,19.62778599897665,-9.546563443524539,12.998431238640482,26.44473353927826,3.608369578322174,-3.719717484861318,-8.618808317777347,W
-42.02008650500459,-38.32492624619602,-67.38188275295481,-31.840094751726117,-47.396168087657536,-35.08595874817523,-46.08207449704761,-60.262192928252176,-40.65341150757236,-19.254188730661586,-13.328791710769542,-3.14444528521286,5.732103408585668,-14.603818594276957,-16.434625880653076,9.565657131385144,-9.642948231252388,-8.5577334315556,-8.375943721446374,1.136858812610353,F
-65.61895081008238,-67.38188275295481,-40.283550342007835,-29.849903722640615,-34.56578814982019,-24.880340334720806,-33.349251482759485,-31.46520627465249,-35.27221069912467,-34.191217085114396,-27.570112178326333,-25.171664918997234,-8.338290678242029,-30.53805263492624,-14.251684291452907,-21.13002794324857,-20.36324943591576,-19.74057548378145,-35.048906880808616,-17.9162842317927,Y
-8.346774381649956,-31.840094751726117,-29.849903722640615,9.701980417345576,-21.133599533972134,-11.448151718869088,3.1095318518417847,-40.48696665924347,-32.46087130714915,-4.340445916370174,82.1060446470803,-11.38397474960507,2.398885197805268,-10.04797025350546,2.2001194748156023,31.073354378432448,4.694813770861934,5.410583520569518,58.3347627623764,53.43567192945662,C
-22.583137622010398,-47.396168087657536,-34.56578814982019,-21.133599533972134,-12.94018435605531,-26.40600667227017,-29.60447067367071,-45.202851086427216,-11.486785171787188,-11.092196105991366,3.3774358868114853,-8.127433209705655,-8.972801958393072,-6.760396801480118,-10.581368667309594,1.4164304564109291,-4.105960725477683,10.879215451439887,16.891182167170157,6.161914328631603,I
-23.194834637211205,-35.08595874817523,-24.880340334720806,-11.448151718869088,-26.40600667227017,13.180156045015186,-19.19708498012762,-22.24334335897479,5.27995924117519,25.07241747570928,15.7936049873263,4.128927265252102,37.66509806455333,12.662500926543341,-4.637788358471384,41.328674674103794,21.335525644119823,1.2946260075115816,29.810581188804825,38.58761167389605,V
-8.637151066497651,-46.08207449704761,-33.349251482759485,3.1095318518417847,-29.60447067367071,-19.19708498012762,-1.6320857220196796,-30.312816365578637,6.663360620892004,5.833704377298134,7.7241319807224516,4.161358220089604,14.039130603837839,18.962805152414532,-4.44390892152415,21.744503994842415,18.832922529281735,21.391643131118425,23.41665273290014,44.81693908141893,L
-34.24266801864532,-60.262192928252176,-31.46520627465249,-40.48696665924347,-45.202851086427216,-22.24334335897479,-30.312816365578637,-17.065341679796177,-10.613800168064882,-13.44229534081221,-1.2547229070858918,-3.958441594827095,22.12702916970089,-30.214244842467124,-2.564302414570177,5.154296326991466,-14.189338321871142,6.961569440814744,14.7988710321315,9.89978019921351,M
-32.91896487857976,-40.65341150757236,-35.27221069912467,-32.46087130714915,-11.486785171787188,5.27995924117519,6.663360620892004,-10.613800168064882,-33.64494234146273,7.892722481563649,22.300179943747352,-8.864976203675415,-6.706298390821193,-22.172669442020155,3.897871066588913,-11.177475907354735,14.816783331458328,35.9676910941438,0.957185517702137,-15.17793675676667,H
-22.44626865947719,-19.254188730661586,-34.191217085114396,-4.340445916370174,-11.092196105991366,25.07241747570928,5.833704377298134,-13.44229534081221,7.892722481563649,55.230451278437286,-2.060654372056618,-2.781116116479157,38.613218695964555,-1.6707391699452752,16.4118401764655,9.324454364719543,6.9268230527327574,21.352091631341843,18.969029069858337,17.706630096594928,T
-23.559887617597912,-13.328791710769542,-27.570112178326333,82.1060446470803,3.3774358868114853,15.7936049873263,7.7241319807224516,-1.2547229070858918,22.300179943747352,-2.060654372056618,22.121019238208,7.366690831786728,-4.647918008707356,12.184736456323021,15.13813686760498,9.503808672979739,23.84761002442908,13.4972843817637,-21.619386403388337,-16.05541614638073,R
-22.779674202251915,-3.14444528521286,-25.171664918997234,-11.38397474960507,-8.127433209705655,4.128927265252102,4.161358220089604,-3.958441594827095,-8.864976203675415,-2.781116116479157,7.366690831786728,41.14302055582895,18.06894381720709,8.096706047468908,11.611466873170343,5.9176173911385,7.832356989907101,11.296752069259908,23.890548259467437,0.5496447412413383,P
-5.985044857691561,5.732103408585668,-8.338290678242029,2.398885197805268,-8.972801958393072,37.66509806455333,14.039130603837839,22.12702916970089,-6.706298390821193,38.613218695964555,-4.647918008707356,18.06894381720709,50.38211163107877,0.17004070091940005,19.662550995665256,23.697749635942937,9.222358811277052,23.983161160216213,18.68314655828996,20.50192798574893,Q
19.62778599897665,-14.603818594276957,-30.53805263492624,-10.04797025350546,-6.760396801480118,12.662500926543341,18.962805152414532,-30.214244842467124,-22.172669442020155,-1.6707391699452752,12.184736456323021,8.096706047468908,0.17004070091940005,17.892887532783554,11.106562611954455,6.6442152683420606,7.057179151920062,10.529343925163666,8.339727203070888,13.625069710619576,N
-9.546563443524539,-16.434625880653076,-14.251684291452907,2.2001194748156023,-10.581368667309594,-4.637788358471384,-4.44390892152415,-2.564302414570177,3.897871066588913,16.4118401764655,15.13813686760498,11.611466873170343,19.662550995665256,11.106562611954455,34.63133354374226,27.5685157419716,27.989249319440912,23.0862791137721,31.74633085175814,59.72242974001072,A
12.998431238640482,9.565657131385144,-21.13002794324857,31.073354378432448,1.4164304564109291,41.328674674103794,21.744503994842415,5.154296326991466,-11.177475907354735,9.324454364719543,9.503808672979739,5.9176173911385,23.697749635942937,6.6442152683420606,27.5685157419716,47.81746867839171,23.18308025112757,24.882393118540485,27.283983508145866,41.14764582450509,S
26.44473353927826,-9.642948231252388,-20.36324943591576,4.694813770861934,-4.105960725477683,21.335525644119823,18.832922529281735,-14.189338321871142,14.816783331458328,6.9268230527327574,23.84761002442908,7.832356989907101,9.222358811277052,7.057179151920062,27.989249319440912,23.18308025112757,44.04422205673113,20.704147124175314,-7.1521737495587825,-8.64216584643226,K
3.608369578322174,-8.5577334315556,-19.74057548378145,5.410583520569518,10.879215451439887,1.2946260075115816,21.391643131118425,6.961569440814744,35.9676910941438,21.352091631341843,13.4972843817637,11.296752069259908,23.983161160216213,10.529343925163666,23.0862791137721,24.882393118540485,20.704147124175314,70.34600474604909,38.163659683333115,43.948764321492106,G
-3.719717484861318,-8.375943721446374,-35.048906880808616,58.3347627623764,16.891182167170157,29.810581188804825,23.41665273290014,14.7988710321315,0.957185517702137,18.969029069858337,-21.619386403388337,23.890548259467437,18.68314655828996,8.339727203070888,31.74633085175814,27.283983508145866,-7.1521737495587825,38.163659683333115,62.96006674002206,25.93648178723351,E
-8.618808317777347,1.136858812610353,-17.9162842317927,53.43567192945662,6.161914328631603,38.58761167389605,44.81693908141893,9.89978019921351,-15.17793675676667,17.706630096594928,-16.05541614638073,0.5496447412413383,20.50192798574893,13.625069710619576,59.72242974001072,41.14764582450509,-8.64216584643226,43.948764321492106,25.93648178723351,72.82200696219824,D
