W,F,Y,C,I,V,L,M,H,T,R,P,Q,N,A,S,K,G,E,D,AA
-36.120834430976,-42.020086505004336,-65.61895081008035,-8.346774381646727,-22.583137622008962,-23.194834637209834,-8.637151066497136,-34.24266801864386,-32.918964878573625,-22.44626865947712,-23.55988761759539,-22.779674202251726,-5.985044857690645,19.627785998979626,-9.546563443523834,12.998431238642594,26.44473353928011,3.608369578322362,-3.719717484859822,-8.618808317777207,W
-42.020086505004336,-38.32492624619543,-67.38188275295369,-31.84009475172191,-47.39616808765709,-35.08595874817493,-46.08207449704728,-60.262192928251444,-40.65341150757011,-19.254188730661376,-13.328791710769087,-3.144445285212241,5.732103408585685,-14.603818594275571,-16.434625880652764,9.565657131385704,-9.64294823125119,-8.557733431555087,-8.375943721446033,1.136858812610729,F
-65.61895081008035,-67.38188275295369,-40.283550342005995,-29.8499037226362,-34.56578814982019,-24.880340334720024,-33.34925148275928,-31.465206274652424,-35.27221069912411,-34.19121708511317,-27.570112178326077,-25.171664918995845,-8.338290678241137,-30.538052634925812,-14.251684291452726,-21.130027943248177,-20.363249435914277,-19.74057548378061,-35.04890688080774,-17.91628423179231,Y
-8.346774381646727,-31.84009475172191,-29.8499037226362,9.70198041735,-21.13359953396914,-11.448151718868978,3.109531851843722,-40.486966659242604,-32.4608713071448,-4.340445916366492,82.1060446470806,-11.383974749602139,2.3988851978053547,-10.047970253504532,2.200119474817022,31.07335437843346,4.6948137708631315,5.410583520570681,58.334762762377046,53.43567192945966,C
-22.583137622008962,-47.39616808765709,-34.56578814982019,-21.13359953396914,-12.940184356054887,-26.406006672270088,-29.60447067367048,-45.2028510864266,-11.486785171787092,-11.092196105991246,3.3774358868117824,-8.127433209705584,-8.97280195839285,-6.760396801479722,-10.58136866730941,1.416430456410964,-4.105960725477507,10.879215451440302,16.891182167170506,6.161914328631965,I
-23.194834637209834,-35.08595874817493,-24.880340334720024,-11.448151718868978,-26.406006672270088,13.180156045015337,-19.197084980127592,-22.243343358973807,5.27995924117568,25.072417475709475,15.793604987326463,4.128927265252144,37.665098064553995,12.662500926543869,-4.6377883584711235,41.32867467410383,21.335525644120455,1.2946260075117804,29.81058118880484,38.587611673896554,V
-8.637151066497136,-46.08207449704728,-33.34925148275928,3.109531851843722,-29.60447067367048,-19.197084980127592,-1.6320857220195777,-30.312816365577707,6.663360620892399,5.833704377298409,7.724131980722566,4.161358220089779,14.039130603837984,18.962805152414553,-4.443908921524123,21.744503994842606,18.832922529281735,21.39164313111866,23.416652732900456,44.81693908141897,L
-34.24266801864386,-60.262192928251444,-31.465206274652424,-40.486966659242604,-45.2028510864266,-22.243343358973807,-30.312816365577707,-17.065341679794308,-10.613800168064035,-13.442295340810986,-1.2547229070857984,-3.958441594826584,22.127029169702013,-30.21424484246667,-2.564302414569859,5.154296326993198,-14.189338321870427,6.961569440814953,14.798871032131588,9.8997801992142,M
-32.918964878573625,-40.65341150757011,-35.27221069912411,-32.4608713071448,-11.486785171787092,5.27995924117568,6.663360620892399,-10.613800168064035,-33.6449423414615,7.892722481563741,22.30017994374869,-8.86497620367536,-6.7062983908202085,-22.172669442020016,3.897871066589609,-11.177475907354713,14.816783331459407,35.9676910941448,0.9571855177030144,-15.17793675676605,H
-22.44626865947712,-19.254188730661376,-34.19121708511317,-4.340445916366492,-11.092196105991246,25.072417475709475,5.833704377298409,-13.442295340810986,7.892722481563741,55.23045127843793,-2.0606543720563697,-2.781116116478931,38.613218695964896,-1.6707391699450431,16.411840176465592,9.324454364720253,6.926823052733605,21.352091631342102,18.969029069858642,17.70663009659553,T
-23.55988761759539,-13.328791710769087,-27.570112178326077,82.1060446470806,3.3774358868117824,15.793604987326463,7.724131980722566,-1.2547229070857984,22.30017994374869,-2.0606543720563697,22.12101923820808,7.366690831787246,-4.647918008707192,12.184736456323666,15.13813686760519,9.503808672979858,23.84761002442984,13.497284381763889,-21.619386403388255,-16.055416146380193,R
-22.779674202251726,-3.144445285212241,-25.171664918995845,-11.383974749602139,-8.127433209705584,4.128927265252144,4.161358220089779,-3.958441594826584,-8.86497620367536,-2.781116116478931,7.366690831787246,41.14302055582938,18.068943817207604,8.09670604746956,11.611466873170565,5.917617391138881,7.832356989907435,11.296752069259913,23.890548259467565,0.5496447412417632,P
-5.985044857690645,5.732103408585685,-8.338290678241137,2.3988851978053547,-8.97280195839285,37.665098064553995,14.039130603837984,22.127029169702013,-6.7062983908202085,38.613218695964896,-4.647918008707192,18.068943817207604,50.3821116310792,0.17004070091968565,19.662550995665402,23.697749635942944,9.222358811277088,23.983161160216483,18.683146558290225,20.501927985749248,Q
19.627785998979626,-14.603818594275571,-30.538052634925812,-10.047970253504532,-6.760396801479722,12.662500926543869,18.962805152414553,-30.21424484246667,-22.172669442020016,-1.6707391699450431,12.184736456323666,8.09670604746956,0.17004070091968565,17.89288753278391,11.10656261195456,6.644215268342285,7.057179151920737,10.52934392516415,8.339727203071202,13.625069710620203,N
-9.546563443523834,-16.434625880652764,-14.251684291452726,2.200119474817022,-10.58136866730941,-4.6377883584711235,-4.443908921524123,-2.564302414569859,3.897871066589609,16.411840176465592,15.13813686760519,11.611466873170565,19.662550995665402,11.10656261195456,34.63133354374236,27.568515741971737,27.98924931944112,23.086279113772164,31.74633085175824,59.72242974001083,A
12.998431238642594,9.565657131385704,-21.130027943248177,31.07335437843346,1.416430456410964,41.32867467410383,21.744503994842606,5.154296326993198,-11.177475907354713,9.324454364720253,9.503808672979858,5.917617391138881,23.697749635942944,6.644215268342285,27.568515741971737,47.8174686783918,23.18308025112795,24.882393118540506,27.283983508145965,41.147645824505545,S
26.44473353928011,-9.64294823125119,-20.363249435914277,4.6948137708631315,-4.105960725477507,21.335525644120455,18.832922529281735,-14.189338321870427,14.816783331459407,6.926823052733605,23.84761002442984,7.832356989907435,9.222358811277088,7.057179151920737,27.98924931944112,23.18308025112795,44.04422205673211,20.704147124175687,-7.1521737495582105,-8.642165846431801,K
3.608369578322362,-8.557733431555087,-19.74057548378061,5.410583520570681,10.879215451440302,1.2946260075117804,21.39164313111866,6.961569440814953,35.9676910941448,21.352091631342102,13.497284381763889,11.296752069259913,23.983161160216483,10.52934392516415,23.086279113772164,24.882393118540506,20.704147124175687,70.34600474604925,38.16365968333317,43.94876432149242,G
-3.719717484859822,-8.375943721446033,-35.04890688080774,58.334762762377046,16.891182167170506,29.81058118880484,23.416652732900456,14.798871032131588,0.9571855177030144,18.969029069858642,-21.619386403388255,23.890548259467565,18.683146558290225,8.339727203071202,31.74633085175824,27.283983508145965,-7.1521737495582105,38.16365968333317,62.960066740022214,25.9364817872336,E
-8.618808317777207,1.136858812610729,-17.91628423179231,53.43567192945966,6.161914328631965,38.587611673896554,44.81693908141897,9.8997801992142,-15.17793675676605,17.70663009659553,-16.055416146380193,0.5496447412417632,20.501927985749248,13.625069710620203,59.72242974001083,41.147645824505545,-8.642165846431801,43.94876432149242,25.9364817872336,72.82200696219824,D
