W,F,Y,C,I,V,L,M,H,T,R,P,Q,N,A,S,K,G,E,D,AA
0.0008877840909090909,0.0026680896478121665,0.0037393162393162395,0.000354924578527063,0.0026680896478121665,0.003381986472054112,0.003381986472054112,0.0014212115828744004,0.0014212115828744004,0.002489774141917126,0.0026680896478121665,0.0021333333333333334,0.0014212115828744004,0.0007101011894194922,0.003381986472054112,0.0010655301012253596,0.0007101011894194922,0.0019552079630287948,0.0019552079630287948,0.0019552079630287948,W
0.0026680896478121665,0.006427423674343867,0.01021505376344086,0.0015991471215351812,0.012392241379310345,0.011665470208183776,0.02101068646984242,0.006786926236828005,0.004454739843193158,0.006068177761913261,0.005529789511237959,0.0035606195478013174,0.0028464685998932575,0.0040969006056287855,0.010396128338411902,0.0030249110320284696,0.00427578834847675,0.006786926236828005,0.005709188224799286,0.0040969006056287855,F
0.0037393162393162395,0.01021505376344086,0.004454739843193158,0.0012433392539964476,0.007506702412868633,0.007506702412868633,0.01275601868487244,0.0028464685998932575,0.003203416978109984,0.006966773847802787,0.006247768654052124,0.004812834224598931,0.003203416978109984,0.004812834224598931,0.008047210300429184,0.004991977179532894,0.004454739843193158,0.007146685724495266,0.008588298443370907,0.005171184022824536,Y
0.000354924578527063,0.0015991471215351812,0.0012433392539964476,0.000177430801987225,0.0019552079630287948,0.0019552079630287948,0.0019552079630287948,0.0012433392539964476,0.0010655301012253596,0.0012433392539964476,0.000177430801987225,0.0012433392539964476,0.0008877840909090909,0.0010655301012253596,0.0019552079630287948,0.0005324813631522897,0.0008877840909090909,0.0014212115828744004,0.000354924578527063,0.000354924578527063,C
0.0026680896478121665,0.012392241379310345,0.007506702412868633,0.0019552079630287948,0.008768790264853258,0.014944184371624055,0.02249229094866679,0.007506702412868633,0.0035606195478013174,0.00786697657786519,0.005888650963597431,0.006247768654052124,0.006247768654052124,0.005350454788657036,0.014213745951781216,0.005709188224799286,0.005888650963597431,0.006786926236828005,0.004991977179532894,0.005709188224799286,I
0.003381986472054112,0.011665470208183776,0.007506702412868633,0.0019552079630287948,0.014944184371624055,0.007506702412868633,0.02212148685403445,0.005529789511237959,0.0030249110320284696,0.00427578834847675,0.005529789511237959,0.005888650963597431,0.0026680896478121665,0.00427578834847675,0.015492704017294181,0.0028464685998932575,0.0040969006056287855,0.010577267837934744,0.004633755123863839,0.003381986472054112,V
0.003381986472054112,0.02101068646984242,0.01275601868487244,0.0019552079630287948,0.02249229094866679,0.02212148685403445,0.020640956002172733,0.009310653536257834,0.0040969006056287855,0.009310653536257834,0.009310653536257834,0.008227508495796816,0.006427423674343867,0.005171184022824536,0.021565784704603116,0.006247768654052124,0.006068177761913261,0.009310653536257834,0.007506702412868633,0.0040969006056287855,L
0.0014212115828744004,0.006786926236828005,0.0028464685998932575,0.0012433392539964476,0.007506702412868633,0.005529789511237959,0.009310653536257834,0.0015991471215351812,0.0014212115828744004,0.003381986472054112,0.0026680896478121665,0.0023115220483641537,0.0012433392539964476,0.0037393162393162395,0.004812834224598931,0.0021333333333333334,0.0030249110320284696,0.0030249110320284696,0.0021333333333333334,0.0021333333333333334,M
0.0014212115828744004,0.004454739843193158,0.003203416978109984,0.0010655301012253596,0.0035606195478013174,0.0030249110320284696,0.0040969006056287855,0.0014212115828744004,0.002489774141917126,0.0021333333333333334,0.0015991471215351812,0.0026680896478121665,0.002489774141917126,0.003203416978109984,0.00427578834847675,0.003203416978109984,0.0015991471215351812,0.0015991471215351812,0.0030249110320284696,0.003918076580587711,H
0.002489774141917126,0.006068177761913261,0.006966773847802787,0.0012433392539964476,0.00786697657786519,0.00427578834847675,0.009310653536257834,0.003381986472054112,0.0021333333333333334,0.0015991471215351812,0.006247768654052124,0.005171184022824536,0.0019552079630287948,0.004454739843193158,0.007146685724495266,0.004454739843193158,0.00427578834847675,0.004991977179532894,0.004454739843193158,0.0040969006056287855,T
0.0026680896478121665,0.005529789511237959,0.006247768654052124,0.000177430801987225,0.005888650963597431,0.005529789511237959,0.009310653536257834,0.0026680896478121665,0.0015991471215351812,0.006247768654052124,0.0037393162393162395,0.00427578834847675,0.005529789511237959,0.003381986472054112,0.007686807293528781,0.004633755123863839,0.0030249110320284696,0.006247768654052124,0.011847065158858373,0.009310653536257834,R
0.0021333333333333334,0.0035606195478013174,0.004812834224598931,0.0012433392539964476,0.006247768654052124,0.005888650963597431,0.008227508495796816,0.0023115220483641537,0.0026680896478121665,0.005171184022824536,0.00427578834847675,0.0015991471215351812,0.0026680896478121665,0.0030249110320284696,0.006786926236828005,0.0040969006056287855,0.0035606195478013174,0.005350454788657036,0.003381986472054112,0.005171184022824536,P
0.0014212115828744004,0.0028464685998932575,0.003203416978109984,0.0008877840909090909,0.006247768654052124,0.0026680896478121665,0.006427423674343867,0.0012433392539964476,0.002489774141917126,0.0019552079630287948,0.005529789511237959,0.0026680896478121665,0.0012433392539964476,0.0035606195478013174,0.005529789511237959,0.0026680896478121665,0.003381986472054112,0.003918076580587711,0.0037393162393162395,0.003203416978109984,Q
0.0007101011894194922,0.0040969006056287855,0.004812834224598931,0.0010655301012253596,0.005350454788657036,0.00427578834847675,0.005171184022824536,0.0037393162393162395,0.003203416978109984,0.004454739843193158,0.003381986472054112,0.0030249110320284696,0.0035606195478013174,0.0021333333333333334,0.006068177761913261,0.0035606195478013174,0.003203416978109984,0.004812834224598931,0.00427578834847675,0.003381986472054112,N
0.003381986472054112,0.010396128338411902,0.008047210300429184,0.0019552079630287948,0.014213745951781216,0.015492704017294181,0.021565784704603116,0.004812834224598931,0.00427578834847675,0.007146685724495266,0.007686807293528781,0.006786926236828005,0.005529789511237959,0.006068177761913261,0.008588298443370907,0.005350454788657036,0.004812834224598931,0.008768790264853258,0.006068177761913261,0.0028464685998932575,A
0.0010655301012253596,0.0030249110320284696,0.004991977179532894,0.0005324813631522897,0.005709188224799286,0.0028464685998932575,0.006247768654052124,0.0021333333333333334,0.003203416978109984,0.004454739843193158,0.004633755123863839,0.0040969006056287855,0.0026680896478121665,0.0035606195478013174,0.005350454788657036,0.001777145903678692,0.0028464685998932575,0.004454739843193158,0.0035606195478013174,0.0023115220483641537,S
0.0007101011894194922,0.00427578834847675,0.004454739843193158,0.0008877840909090909,0.005888650963597431,0.0040969006056287855,0.006068177761913261,0.0030249110320284696,0.0015991471215351812,0.00427578834847675,0.0030249110320284696,0.0035606195478013174,0.003381986472054112,0.003203416978109984,0.004812834224598931,0.0028464685998932575,0.0015991471215351812,0.004454739843193158,0.007146685724495266,0.0066071428571428574,K
0.0019552079630287948,0.006786926236828005,0.007146685724495266,0.0014212115828744004,0.006786926236828005,0.010577267837934744,0.009310653536257834,0.0030249110320284696,0.0015991471215351812,0.004991977179532894,0.006247768654052124,0.005350454788657036,0.003918076580587711,0.004812834224598931,0.008768790264853258,0.004454739843193158,0.004454739843193158,0.0023115220483641537,0.0040969006056287855,0.003203416978109984,G
0.0019552079630287948,0.005709188224799286,0.008588298443370907,0.000354924578527063,0.004991977179532894,0.004633755123863839,0.007506702412868633,0.0021333333333333334,0.0030249110320284696,0.004454739843193158,0.011847065158858373,0.003381986472054112,0.0037393162393162395,0.00427578834847675,0.006068177761913261,0.0035606195478013174,0.007146685724495266,0.0040969006056287855,0.0019552079630287948,0.0040969006056287855,E
0.0019552079630287948,0.0040969006056287855,0.005171184022824536,0.000354924578527063,0.005709188224799286,0.003381986472054112,0.0040969006056287855,0.0021333333333333334,0.003918076580587711,0.0040969006056287855,0.009310653536257834,0.005171184022824536,0.003203416978109984,0.003381986472054112,0.0028464685998932575,0.0023115220483641537,0.0066071428571428574,0.003203416978109984,0.0040969006056287855,0.0012433392539964476,D
