W,F,Y,C,I,V,L,M,H,T,R,P,Q,N,A,S,K,G,E,D,AA
2.098721590909091,1.0490039131981501,0.9788698955365622,0.41934338952972494,0.8987650556487269,1.596297614809541,1.596297614809541,1.1189672529164447,1.1189672529164447,1.4695891872665838,0.5709711846318036,1.2592,1.1189672529164447,0.8389845552991301,1.3296843479292748,1.2589238145977624,0.5590863364696136,1.1540615001777461,1.539400402891338,2.310078208318521,W
1.0490039131981501,5.060524906266738,4.016218637992831,3.7803837953091683,1.5301156987295828,1.1378694065565924,1.5819013619552325,1.3308031196046912,1.312477726300784,1.429055862930573,0.866333690093947,0.46426522659387176,1.1191365711913657,1.3800702325818108,1.1604059440589285,0.6473309608540926,2.018172100481026,1.776666468218531,1.344513826940232,1.3800702325818108,F
0.9788698955365622,4.016218637992831,2.6294101924447615,1.4690053285968028,0.9787905868334823,0.764378132649493,1.423814657016238,0.5149918574576109,1.890816871329418,3.2883172561629155,0.7325508746876116,0.5643048128342246,0.8385833778252357,2.2716577540106955,1.1114617520828072,5.898021037618114,1.166151896729231,1.049222797927461,1.3455000894614422,0.7142317697407065,Y
0.41934338952972494,3.7803837953091683,1.4690053285968028,inf,1.539400402891338,0.658625768117414,2.310078208318521,2.939253996447602,inf,0.9789224393132031,0.10472853087295955,2.939253996447602,2.098721590909091,1.2589238145977624,1.539400402891338,0.314297124600639,0.5240145596590909,0.478745273202548,0.41934338952972494,0.279443951493641,C
0.8987650556487269,1.5301156987295828,0.9787905868334823,1.539400402891338,0.978764018134097,0.9402719247875893,0.9274053535798503,1.9650878760798332,1.1994201276736438,1.4233176085491481,0.6572856123177323,1.4713495180292753,1.4713495180292753,1.4006301646751085,1.8533145416016952,1.2217662801070475,0.7678146561979539,1.452402214681193,1.1756106257799965,2.244662503716919,I
1.596297614809541,1.1378694065565924,0.764378132649493,0.658625768117414,0.9402719247875893,0.9787905868334823,0.8957261694580967,0.5630768276225783,0.8912144128113879,0.9150187065740246,0.6172298387781798,0.7678146561979539,0.7860859124866596,1.0069481560662747,1.166450683108536,0.41789717132182885,0.5341903178561533,1.0317243336918847,0.6400033547548408,0.7964578141687434,V
1.596297614809541,1.5819013619552325,1.423814657016238,2.310078208318521,0.9274053535798503,0.8957261694580967,1.335355181362786,1.6845120859444942,0.601476220163876,1.0392462804280174,0.6788048343777977,0.8762296548023609,1.079348075598745,0.7142317697407065,1.1375951431678144,0.9172505355230275,0.7114938425843299,0.8062336284359561,1.6064343163538877,0.6418477615485098,L
1.1189672529164447,1.3308031196046912,0.5149918574576109,2.939253996447602,1.9650878760798332,0.5630768276225783,1.6845120859444942,0.9438965884861408,0.6708118671167169,1.596297614809541,0.29780962545103423,0.4532509483167378,0.5868561278863232,1.101696047008547,1.0299465240641712,1.0069333333333335,1.4277580071174376,0.7123665480427046,0.8387555555555555,0.7186285714285714,M
1.1189672529164447,1.312477726300784,1.890816871329418,inf,1.1994201276736438,0.8912144128113879,0.601476220163876,0.6708118671167169,5.885826071492087,1.0069333333333335,0.3422174840085288,0.6984465789161627,1.1751733949848835,0.7544046983449012,1.1193063721123582,2.5221569674319273,0.5386841303685653,0.3765991471215352,0.8912144128113879,0.6579570029258364,H
1.4695891872665838,1.429055862930573,3.2883172561629155,0.9789224393132031,1.4233176085491481,0.9150187065740246,1.0392462804280174,1.596297614809541,1.0069333333333335,0.5386841303685653,0.8629271058655521,0.9355865247448699,0.7687225974641544,1.751455215015443,1.8708435074345384,2.6294101924447615,0.9150187065740246,1.962679027753016,0.8059652393223313,1.0724775363179353,T
0.5709711846318036,0.866333690093947,0.7325508746876116,0.10472853087295955,0.6572856123177323,0.6172298387781798,0.6788048343777977,0.29780962545103423,0.3422174840085288,0.8629271058655521,0.8002136752136753,0.6698735079280242,1.0842995599952432,0.4965178889284443,0.7497839947562864,0.9916235965068616,0.7123665480427046,0.9788170891348328,0.6397415185783522,0.7010021081814769,R
1.2592,0.46426522659387176,0.5643048128342246,2.939253996447602,1.4713495180292753,0.7678146561979539,0.8762296548023609,0.4532509483167378,0.6984465789161627,0.9355865247448699,0.6698735079280242,0.5386841303685653,0.8987650556487269,1.1892941874258598,1.3308031196046912,1.0724775363179353,1.6806124265622218,0.898494229152335,0.7964578141687434,2.440798858773181,P
1.1189672529164447,1.1191365711913657,0.8385833778252357,2.098721590909091,1.4713495180292753,0.7860859124866596,1.079348075598745,0.5868561278863232,1.1751733949848835,0.7687225974641544,1.0842995599952432,0.8987650556487269,1.4690053285968028,1.1994201276736438,1.1833749554049233,0.6283351120597652,1.1392463001576565,0.922707034728406,1.101696047008547,1.0790938906261918,Q
0.8389845552991301,1.3800702325818108,2.2716577540106955,1.2589238145977624,1.4006301646751085,1.0069481560662747,0.7142317697407065,1.101696047008547,0.7544046983449012,1.751455215015443,0.4965178889284443,1.1892941874258598,1.1994201276736438,1.0069333333333335,1.1898685228151584,0.9320910727355448,0.6281366791243993,1.41798128342246,2.018172100481026,1.1392463001576565,N
1.3296843479292748,1.1604059440589285,1.1114617520828072,1.539400402891338,1.8533145416016952,1.166450683108536,1.1375951431678144,1.0299465240641712,1.1193063721123582,1.8708435074345384,0.7497839947562864,1.3308031196046912,1.1833749554049233,1.1898685228151584,1.6840221864376452,0.7389922261039247,0.943716577540107,0.978764018134097,0.5919001725266226,0.5581450512957362,A
1.2589238145977624,0.6473309608540926,5.898021037618114,0.314297124600639,1.2217662801070475,0.41789717132182885,0.9172505355230275,1.0069333333333335,2.5221569674319273,2.6294101924447615,0.9916235965068616,1.0724775363179353,0.6283351120597652,0.9320910727355448,0.7389922261039247,1.0489603696463479,0.5581450512957362,1.166151896729231,0.5578303958222064,0.6051051051051051,S
0.5590863364696136,2.018172100481026,1.166151896729231,0.5240145596590909,0.7678146561979539,0.5341903178561533,0.7114938425843299,1.4277580071174376,0.5386841303685653,0.9150187065740246,0.7123665480427046,1.6806124265622218,1.1392463001576565,0.6281366791243993,0.943716577540107,0.5581450512957362,1.2590618336886994,0.6152781854010314,0.9870834165361696,0.7746875000000001,K
1.1540615001777461,1.776666468218531,1.049222797927461,0.478745273202548,1.452402214681193,1.0317243336918847,0.8062336284359561,0.7123665480427046,0.3765991471215352,1.962679027753016,0.9788170891348328,0.898494229152335,0.922707034728406,1.41798128342246,0.978764018134097,1.166151896729231,0.6152781854010314,0.9088134186818397,1.207049340933381,0.7544046983449012,G
1.539400402891338,1.344513826940232,1.3455000894614422,0.41934338952972494,1.1756106257799965,0.6400033547548408,1.6064343163538877,0.8387555555555555,0.8912144128113879,0.8059652393223313,0.6397415185783522,0.7964578141687434,1.101696047008547,2.018172100481026,0.5919001725266226,0.5578303958222064,0.9870834165361696,1.207049340933381,0.7687225974641544,0.8033339270870443,E
2.310078208318521,1.3800702325818108,0.7142317697407065,0.279443951493641,2.244662503716919,0.7964578141687434,0.6418477615485098,0.7186285714285714,0.6579570029258364,1.0724775363179353,0.7010021081814769,2.440798858773181,1.0790938906261918,1.1392463001576565,0.5581450512957362,0.6051051051051051,0.7746875000000001,0.7544046983449012,0.8033339270870443,0.9789224393132031,D
