W,F,Y,C,I,V,L,M,H,T,R,P,Q,N,A,S,K,G,E,D,AA
inf,41.84226117025441,24.381224871941605,18.7451144325263,32.924772569858725,36.07269320924668,23.644765529770822,62.02690343913579,-6.46385698564618,1.5302984915855269,49.12773417356002,13.86113349258473,12.664809363830434,-21.478872234545232,61.604601776014555,18.041109810561235,20.05800421498037,23.874560188435286,62.934728492198985,5.593454046113186,W
41.84226117025441,56.58514047438968,28.331480132235832,62.43826535922512,17.02313784662296,1.905150591397655,5.581427594444437,29.75986230333858,inf,-10.978647036847342,-4.660443837272753,-19.413621686502704,2.4532482468211056,13.334558582497419,13.372105395680547,42.079111685983726,-3.996485864660267,11.19896812442108,-6.279448553894097,-2.2293601969364887,F
24.381224871941605,28.331480132235832,23.971522483583556,inf,-6.593759734063523,3.243850855393248,23.360591720794787,26.677417263897734,75.49249697603297,30.89018665090953,-28.04657093974992,-8.888936143625605,1.9621624706691658,6.115761428473975,17.884232696327828,48.502711976363,8.422399018154945,2.8708269232717423,0.768827255178748,-34.852220228404136,Y
18.7451144325263,62.43826535922512,inf,inf,15.612983086407695,-21.419608660230963,25.951857932188794,7.491765984294917,inf,18.289339551944582,-0.005189476321934112,-9.383533914029028,inf,-6.097740235306099,21.72748175195829,-6.415196189629459,-24.652627761632587,4.205859356223868,-2.265643982222078,-9.094531518483837,C
32.924772569858725,17.02313784662296,-6.593759734063523,15.612983086407695,-3.029092291624107,-3.380158986587954,-0.5162781957762714,22.799936221303703,11.281538766154306,-5.465148653364043,-10.401123529118395,-16.174359981592087,-1.7707698168223323,-18.475529330086374,10.638018153427785,11.468824614391632,-28.575449117047658,19.813401748391176,10.66099335581565,21.815016580037682,I
36.07269320924668,1.905150591397655,3.243850855393248,-21.419608660230963,-3.380158986587954,0.6677387914556878,-1.0271714982884177,-15.493703400841556,-17.16138271437551,-1.5321811549979076,-10.602881695338263,-16.2778471756318,5.028813665409982,13.109391476287236,7.035561763511413,9.958914895062053,-15.64116152739961,-0.623561319352201,-15.030897071176241,-4.100357816947612,V
23.644765529770822,5.581427594444437,23.360591720794787,25.951857932188794,-0.5162781957762714,-1.0271714982884177,18.566401267236348,14.96779009278579,-16.572607180215567,-1.06040799371251,5.521017682515007,14.481509575262914,32.804772924996286,-14.840681378597864,7.3836231815029905,6.3479835913248355,-14.266983743824449,-5.492509529888348,10.812848627439417,-12.280124011740286,L
62.02690343913579,29.75986230333858,26.677417263897734,7.491765984294917,22.799936221303703,-15.493703400841556,14.96779009278579,23.808123794438863,-10.255199315821537,3.5190344384179775,-20.68856647122466,-2.4914003485780296,16.964544193504874,-17.120060082561274,6.2442962294348,1.8463376856168852,-1.9041817484768995,-6.463340720906767,20.852030798096884,-6.68401456505184,M
-6.46385698564618,inf,75.49249697603297,inf,11.281538766154306,-17.16138271437551,-16.572607180215567,-10.255199315821537,35.811042767831495,-18.058215032048565,-3.5121422141751353,15.568109781759928,-9.495227408097886,-54.97081082997717,-3.0910916415969205,74.5798551935646,-15.969910061519519,16.58539913918696,-3.629462103146415,-15.26594463665055,H
1.5302984915855269,-10.978647036847342,30.89018665090953,18.289339551944582,-5.465148653364043,-1.5321811549979076,-1.06040799371251,3.5190344384179775,-18.058215032048565,5.588947912515337,-0.48453775375939523,-18.18325177844428,-5.340317127005853,-1.3586117082390963,-2.9309965069157724,14.799047524433457,-6.230900391449721,33.92041463024269,-16.789603806730845,1.3665652779929947,T
49.12773417356002,-4.660443837272753,-28.04657093974992,-0.005189476321934112,-10.401123529118395,-10.602881695338263,5.521017682515007,-20.68856647122466,-3.5121422141751353,-0.48453775375939523,2.76444665714266,-26.77668483982987,-19.785900728534457,-29.498539938721414,-10.26060610685793,13.832936100583154,-20.96587472354563,3.3796461289788096,-35.51226823716363,-17.74377627793323,R
13.86113349258473,-19.413621686502704,-8.888936143625605,-9.383533914029028,-16.174359981592087,-16.2778471756318,14.481509575262914,-2.4914003485780296,15.568109781759928,-18.18325177844428,-26.77668483982987,-27.46556005987273,13.56298620564157,16.942762428563537,11.68747679193072,28.07873946719316,-2.2995190081247805,7.477763727896816,-13.245005576174496,31.479298365052088,P
12.664809363830434,2.4532482468211056,1.9621624706691658,inf,-1.7707698168223323,5.028813665409982,32.804772924996286,16.964544193504874,-9.495227408097886,-5.340317127005853,-19.785900728534457,13.56298620564157,25.591983361648623,-10.451099614833028,-0.19508240478510053,-11.972712672121908,-2.2694981296667205,7.9525027748899815,-6.782915209748541,-22.88036780302043,Q
-21.478872234545232,13.334558582497419,6.115761428473975,-6.097740235306099,-18.475529330086374,13.109391476287236,-14.840681378597864,-17.120060082561274,-54.97081082997717,-1.3586117082390963,-29.498539938721414,16.942762428563537,-10.451099614833028,-17.904905979494178,-15.92520557833898,1.7723170079302373,-15.718359161383894,-11.406917084731287,-2.5975045518683912,-12.754499901103989,N
61.604601776014555,13.372105395680547,17.884232696327828,21.72748175195829,10.638018153427785,7.035561763511413,7.3836231815029905,6.2442962294348,-3.0910916415969205,-2.9309965069157724,-10.26060610685793,11.68747679193072,-0.19508240478510053,-15.92520557833898,-2.3598341489454078,-16.262241215047425,-18.325861473577334,-6.959440236688012,-14.955857328752176,5.362210840138134,A
18.041109810561235,42.079111685983726,48.502711976363,-6.415196189629459,11.468824614391632,9.958914895062053,6.3479835913248355,1.8463376856168852,74.5798551935646,14.799047524433457,13.832936100583154,28.07873946719316,-11.972712672121908,1.7723170079302373,-16.262241215047425,42.35968177875782,-17.180116215558293,22.54666365761673,-13.467986066500043,-0.2067400385339029,S
20.05800421498037,-3.996485864660267,8.422399018154945,-24.652627761632587,-28.575449117047658,-15.64116152739961,-14.266983743824449,-1.9041817484768995,-15.969910061519519,-6.230900391449721,-20.96587472354563,-2.2995190081247805,-2.2694981296667205,-15.718359161383894,-18.325861473577334,-17.180116215558293,-37.4484041873783,-30.43940149409105,-25.47650606934771,-21.07557751555173,K
23.874560188435286,11.19896812442108,2.8708269232717423,4.205859356223868,19.813401748391176,-0.623561319352201,-5.492509529888348,-6.463340720906767,16.58539913918696,33.92041463024269,3.3796461289788096,7.477763727896816,7.9525027748899815,-11.406917084731287,-6.959440236688012,22.54666365761673,-30.43940149409105,18.66396836807287,-10.831297194559552,7.923111988573497,G
62.934728492198985,-6.279448553894097,0.768827255178748,-2.265643982222078,10.66099335581565,-15.030897071176241,10.812848627439417,20.852030798096884,-3.629462103146415,-16.789603806730845,-35.51226823716363,-13.245005576174496,-6.782915209748541,-2.5975045518683912,-14.955857328752176,-13.467986066500043,-25.47650606934771,-10.831297194559552,-28.865501762741385,-15.633044701974327,E
5.593454046113186,-2.2293601969364887,-34.852220228404136,-9.094531518483837,21.815016580037682,-4.100357816947612,-12.280124011740286,-6.68401456505184,-15.26594463665055,1.3665652779929947,-17.74377627793323,31.479298365052088,-22.88036780302043,-12.754499901103989,5.362210840138134,-0.2067400385339029,-21.07557751555173,7.923111988573497,-15.633044701974327,13.4560434288437,D
