W,F,Y,C,I,V,L,M,H,T,R,P,Q,N,A,S,K,G,E,D,AA
14.1009037339712,21.320861949749357,-11.669431463418388,65.17105837992273,19.103971727036832,19.612488796479965,42.24886071567837,38.529860745309655,3.1632703037395564,-7.708829523023537,7.975451332139135,2.8497137318960886,28.99311557111868,34.694311858860544,12.514665236408963,34.369416017849474,26.68288047281793,-2.4590501987475966,1.371048315563818,-8.220253642487032,W
21.320861949749357,-15.807971452089713,-22.328124259924035,8.805718458466725,-4.706337286011494,0.5914576460219143,3.1924718285341185,-10.529826847919864,-32.31161975540442,-3.2100047064305706,1.3276934293105174,16.89465185742824,-6.4475155261321335,-2.6187862742714794,1.5702886916412018,18.54126489498473,-19.369128397864532,-4.796543681774594,-17.640411673005403,3.182228451824688,F
-11.669431463418388,-22.328124259924035,-31.184007089235276,-1.679397338536565,-4.717265853122257,0.15004496697750355,-0.8880097483107668,-9.939422126512747,-16.25231672784811,-18.319100378403245,-10.637659506541647,-11.390909602734467,-10.29401481210678,-11.208494413667417,-3.0288215340343685,-5.222250298097022,-20.604596913365587,-23.29928377743658,-31.61779303257417,-13.57184415837453,Y
65.17105837992273,8.805718458466725,-1.679397338536565,71.61681905317411,14.312084942168477,2.0279768065251194,38.14626614378119,14.11664224213248,-29.39171762409038,10.288413304959072,24.247740317886866,-10.683856396046723,-14.632844710744692,-7.397487564389104,7.9137740633580815,9.913110017658793,-0.3996979674237837,-5.822487420809014,44.17272425610489,19.728214748420346,C
19.103971727036832,-4.706337286011494,-4.717265853122257,14.312084942168477,8.270259043088915,7.618358053063718,12.0491984472792,-4.530755985021787,7.170683367596709,8.832652505998972,13.525198088132504,-10.590708038223946,1.5201806722899873,-10.344923466551945,-0.13562855042168842,13.173827936524965,-6.701788069167041,7.055957880205475,5.868540825989718,-12.50311081961952,I
19.612488796479965,0.5914576460219143,0.15004496697750355,2.0279768065251194,7.618358053063718,6.314941934054976,17.58969972892177,0.9481193113828927,5.600974842103104,8.163181407931335,6.843899257485668,-9.609855316718175,5.203298904093978,-2.2632510569170363,-1.6841410069580818,24.56139951884751,0.7586539800475379,-1.9331559744257116,0.11545827618312922,1.7629078757567855,V
42.24886071567837,3.1924718285341185,-0.8880097483107668,38.14626614378119,12.0491984472792,17.58969972892177,16.20146774590708,8.319321643111877,4.127964257070903,13.880499036199398,11.480911839211563,6.43438085590386,12.617714733451917,-3.024761441495596,7.769403337872917,26.56421357689853,-6.192891664770468,14.230147387592378,-11.477892783731575,6.777616922317879,L
38.529860745309655,-10.529826847919864,-9.939422126512747,14.11664224213248,-4.530755985021787,0.9481193113828927,8.319321643111877,-11.11635385351342,-24.076000158643424,-1.7474780209166276,-6.249688788099936,17.640084878372342,15.66422171148718,-34.444315924702664,10.577043838689855,0.5442866863657881,-3.2050798927161157,-4.411711329463061,-2.6721985069527476,1.7250327349732304,M
3.1632703037395564,-32.31161975540442,-16.25231672784811,-29.39171762409038,7.170683367596709,5.600974842103104,4.127964257070903,-24.076000158643424,-38.27254010738634,-6.2830065510160775,-0.45517480015584344,-4.95328943874512,-7.793871639977648,-28.06433556094639,-18.463734174801193,-9.220773629830346,-14.268554293399285,-9.077891161846225,-4.9320902965450655,-30.318773328101155,H
-7.708829523023537,-3.2100047064305706,-18.319100378403245,10.288413304959072,8.832652505998972,8.163181407931335,13.880499036199398,-1.7474780209166276,-6.2830065510160775,21.935072227898377,-0.6560076118273158,-20.59542456033243,20.746671909695046,-4.248342993597084,-2.587875142870329,10.006594994607534,-0.545019686387369,-11.076310388492033,-17.043209182490042,-4.532532180074564,T
7.975451332139135,1.3276934293105174,-10.637659506541647,24.247740317886866,13.525198088132504,6.843899257485668,11.480911839211563,-6.249688788099936,-0.45517480015584344,-0.6560076118273158,-9.491730625633293,5.221631447862159,-2.071081297471808,-8.21816386869181,0.06019435610514429,12.529151982204151,1.7964828329329792,6.799319311858806,-12.51658823061789,-0.5348838892107636,R
2.8497137318960886,16.89465185742824,-11.390909602734467,-10.683856396046723,-10.590708038223946,-9.609855316718175,6.43438085590386,17.640084878372342,-4.95328943874512,-20.59542456033243,5.221631447862159,8.1075891101051,-17.939221080193175,-8.720527872469647,-6.770772331426227,-3.4032922042919687,-25.850999444448263,-2.0767151410042652,-17.665254944981818,-23.67623120776675,P
28.99311557111868,-6.4475155261321335,-10.29401481210678,-14.632844710744692,1.5201806722899873,5.203298904093978,12.617714733451917,15.66422171148718,-7.793871639977648,20.746671909695046,-2.071081297471808,-17.939221080193175,-9.332494286303655,-13.533699723483084,-17.219045895543523,2.271786906367695,-19.59375397180811,-14.360853508618277,-16.337394078649623,-8.441490119895704,Q
34.694311858860544,-2.6187862742714794,-11.208494413667417,-7.397487564389104,-10.344923466551945,-2.2632510569170363,-3.024761441495596,-34.444315924702664,-28.06433556094639,-4.248342993597084,-8.21816386869181,-8.720527872469647,-13.533699723483084,-1.5587816641111323,-8.594146808760197,13.002069320994602,9.676852043333785,15.153298726026701,-16.43962900162332,-6.108135902168967,N
12.514665236408963,1.5702886916412018,-3.0288215340343685,7.9137740633580815,-0.13562855042168842,-1.6841410069580818,7.769403337872917,10.577043838689855,-18.463734174801193,-2.587875142870329,0.06019435610514429,-6.770772331426227,-17.219045895543523,-8.594146808760197,-1.8062604529385486,5.999403199413781,-12.337724206994057,-1.5165657995499424,-20.23954095187266,21.720235769253954,A
34.369416017849474,18.54126489498473,-5.222250298097022,9.913110017658793,13.173827936524965,24.56139951884751,26.56421357689853,0.5442866863657881,-9.220773629830346,10.006594994607534,12.529151982204151,-3.4032922042919687,2.271786906367695,13.002069320994602,5.999403199413781,1.2073989373369367,8.906872821142613,11.936047463487618,4.76874987090405,21.28551439067568,S
26.68288047281793,-19.369128397864532,-20.604596913365587,-0.3996979674237837,-6.701788069167041,0.7586539800475379,-6.192891664770468,-3.2050798927161157,-14.268554293399285,-0.545019686387369,1.7964828329329792,-25.850999444448263,-19.59375397180811,9.676852043333785,-12.337724206994057,8.906872821142613,-21.10822361147647,8.690779890418982,-22.798235187233644,-13.518222148827217,K
-2.4590501987475966,-4.796543681774594,-23.29928377743658,-5.822487420809014,7.055957880205475,-1.9331559744257116,14.230147387592378,-4.411711329463061,-9.077891161846225,-11.076310388492033,6.799319311858806,-2.0767151410042652,-14.360853508618277,15.153298726026701,-1.5165657995499424,11.936047463487618,8.690779890418982,4.828959156209998,-7.977397674564736,4.840511879923439,G
1.371048315563818,-17.640411673005403,-31.61779303257417,44.17272425610489,5.868540825989718,0.11545827618312922,-11.477892783731575,-2.6721985069527476,-4.9320902965450655,-17.043209182490042,-12.51658823061789,-17.665254944981818,-16.337394078649623,-16.43962900162332,-20.23954095187266,4.76874987090405,-22.798235187233644,-7.977397674564736,-2.8213151103145266,-32.48453532443884,E
-8.220253642487032,3.182228451824688,-13.57184415837453,19.728214748420346,-12.50311081961952,1.7629078757567855,6.777616922317879,1.7250327349732304,-30.318773328101155,-4.532532180074564,-0.5348838892107636,-23.67623120776675,-8.441490119895704,-6.108135902168967,21.720235769253954,21.28551439067568,-13.518222148827217,4.840511879923439,-32.48453532443884,-5.472332589545249,D
