W,F,Y,C,I,V,L,M,H,T,R,P,Q,N,A,S,K,G,E,D,AA
0.0,0.6234275750404783,0.4360069747166521,2.9124564459930316,0.7274313126907982,0.6845386213796466,1.5347616965456927,0.5821428571428571,1.248162909453232,0.8083672677913516,0.38768336964415395,0.7760430295101033,1.4564080209241501,3.6452879581151834,0.32292423142096344,1.4564080209241501,1.16479302832244,0.5453356582388841,0.2423054587688734,0.7275501307759373,W
0.6234275750404783,0.1888290815359539,0.3114612025529056,0.29085365853658535,0.6063246834086757,0.9702040217231763,0.9464778228076101,0.3954604975993016,0.0,1.195876752211693,1.147840046701693,2.3071866783523225,0.8146899563318777,0.6925745865536441,0.7620471320459103,0.5815961622328827,0.7018973046227978,0.691902471526433,0.769822089675031,1.1327025715672006,F
0.4360069747166521,0.3114612025529056,0.2808307787496133,0.0,1.0441549190783044,0.9312406839105656,0.5721553791113926,0.43035970990615563,0.1209349593495935,0.3220380065929804,1.493100752467507,0.9440179785912828,0.7541161248584829,0.6710539569553101,0.6178306617421316,0.2902353966870096,0.5125426862145993,0.5473925633812112,0.4743881118881119,1.6323142075091672,Y
2.9124564459930316,0.29085365853658535,0.0,0.0,0.9704898967873238,1.7158363126623626,1.324171029668412,1.16479302832244,0.0,0.8317460317460317,1.747951176983435,0.9705027608253415,0.0,0.9705156136528685,0.7275501307759373,1.4564080209241501,1.747951176983435,0.7938099389712293,2.913289760348584,1.941902687000726,C
0.7274313126907982,0.6063246834086757,1.0441549190783044,0.9704898967873238,1.2971598963679913,1.2882055633288596,1.3355334393070244,0.5329581133152562,0.9096858638743456,1.389882259447477,1.7348551360842845,1.137199131745811,1.0787219226222287,1.2058854598958726,0.7803034605482355,1.040039977512649,1.6547660818713448,0.7454620878320047,0.8955203817589139,0.4537521815008726,I
0.6845386213796466,0.9702040217231763,0.9312406839105656,1.7158363126623626,1.2882055633288596,1.1388644366197183,1.5352132579650566,1.4602197802197803,1.6889763779527558,1.250125533517449,1.494403271147457,1.165949978060553,1.0040257527554544,0.7018973046227978,0.8180935569285085,1.399667396061269,1.4588080631025415,0.9702955809189348,1.4173057644110276,1.1445444319460065,V
1.5347616965456927,0.9464778228076101,0.5721553791113926,1.324171029668412,1.3355334393070244,1.5352132579650566,0.9470014953849328,0.8580553737258936,1.6106668279187895,1.410616859926141,1.147093824150938,0.8308616482072462,0.6282455456767384,1.312681000438789,1.008922486553362,1.592803861342694,1.2043172882391113,1.5748042173780386,0.598539182164401,1.550877192982456,L
0.5821428571428571,0.3954604975993016,0.43035970990615563,1.16479302832244,0.5329581133152562,1.4602197802197803,0.8580553737258936,0.44746103569632983,0.7274313126907982,0.8857983671919499,1.394404503784853,1.5896988214753383,0.9705027608253415,0.6710539569553101,1.1049114550336379,0.9704641350210971,0.9704898967873238,1.048374125874126,0.5817785527462948,1.2136416521233275,M
1.248162909453232,0.0,0.1209349593495935,0.0,0.9096858638743456,1.6889763779527558,1.6106668279187895,0.7274313126907982,0.18162020905923346,1.311451048951049,1.0729257641921397,0.6234275750404783,1.0399526302667663,1.8580814717477006,0.7018973046227978,0.14520905923344946,1.0399526302667663,0.5538180383361369,0.9704512372634643,0.7070851445851447,H
0.8083672677913516,1.195876752211693,0.3220380065929804,0.8317460317460317,1.389882259447477,1.250125533517449,1.410616859926141,0.8857983671919499,1.311451048951049,1.4570056743780009,0.9960595446584939,0.9459719789842381,1.8233493659816353,0.9356268731268732,1.007931953960914,0.8955203817589139,1.139879142596534,0.35484014644705547,0.9941775370447529,0.8729895104895105,T
0.38768336964415395,1.147840046701693,1.493100752467507,1.747951176983435,1.7348551360842845,1.494403271147457,1.147093824150938,1.394404503784853,1.0729257641921397,0.9960595446584939,0.7541161248584829,2.0892151326933934,1.5036549707602338,1.6323142075091672,1.2682591510568826,0.970425407925408,1.6889763779527558,1.0819239429572178,1.6980747339767384,1.4862399259184236,R
0.7760430295101033,2.3071866783523225,0.9440179785912828,0.9705027608253415,1.137199131745811,1.165949978060553,0.8308616482072462,1.5896988214753383,0.6234275750404783,0.9459719789842381,2.0892151326933934,2.2684619116933527,0.4841477603257708,0.5538180383361369,0.6537587412587413,0.48437272859427244,0.581413612565445,0.8025187930281256,0.9032282372799615,0.2808307787496133,P
1.4564080209241501,0.8146899563318777,0.7541161248584829,0.0,1.0787219226222287,1.0040257527554544,0.6282455456767384,0.9705027608253415,1.0399526302667663,1.8233493659816353,1.5036549707602338,0.4841477603257708,0.44746103569632983,0.931480996068152,0.6757100293875392,1.388177483498865,0.6710539569553101,0.5982275879784229,0.8025187930281256,1.394404503784853,Q
3.6452879581151834,0.6925745865536441,0.6710539569553101,0.9705156136528685,1.2058854598958726,0.7018973046227978,1.312681000438789,0.6710539569553101,1.8580814717477006,0.9356268731268732,1.6323142075091672,0.5538180383361369,0.931480996068152,1.4570056743780009,1.1838879159369526,1.2950827629726713,1.794535739489868,1.8433260393873085,0.7270742358078602,1.1653694796676868,N
0.32292423142096344,0.7620471320459103,0.6178306617421316,0.7275501307759373,0.7803034605482355,0.8180935569285085,1.008922486553362,1.1049114550336379,0.7018973046227978,1.007931953960914,1.2682591510568826,0.6537587412587413,0.6757100293875392,1.1838879159369526,1.0128280883670395,1.6696154087458437,1.147840046701693,1.133518843975786,0.885448208878478,1.4574049803407603,A
1.4564080209241501,0.5815961622328827,0.2902353966870096,1.4564080209241501,1.040039977512649,1.399667396061269,1.592803861342694,0.9704641350210971,0.14520905923344946,0.8955203817589139,0.970425407925408,0.48437272859427244,1.388177483498865,1.2950827629726713,1.6696154087458437,0.38768336964415395,1.8233493659816353,0.783238159220692,1.521834268861193,1.6402972027972031,S
1.16479302832244,0.7018973046227978,0.5125426862145993,1.747951176983435,1.6547660818713448,1.4588080631025415,1.2043172882391113,0.9704898967873238,1.0399526302667663,1.139879142596534,1.6889763779527558,0.581413612565445,0.6710539569553101,1.794535739489868,1.147840046701693,1.8233493659816353,1.456806282722513,2.462078035949145,1.0636107271991178,1.1900728670915006,K
0.5453356582388841,0.691902471526433,0.5473925633812112,0.7938099389712293,0.7454620878320047,0.9702955809189348,1.5748042173780386,1.048374125874126,0.5538180383361369,0.35484014644705547,1.0819239429572178,0.8025187930281256,0.5982275879784229,1.8433260393873085,1.133518843975786,0.783238159220692,2.462078035949145,0.7271933653426451,1.0679206765820937,0.931480996068152,G
0.2423054587688734,0.769822089675031,0.4743881118881119,2.913289760348584,0.8955203817589139,1.4173057644110276,0.598539182164401,0.5817785527462948,0.9704512372634643,0.9941775370447529,1.6980747339767384,0.9032282372799615,0.8025187930281256,0.7270742358078602,0.885448208878478,1.521834268861193,1.0636107271991178,1.0679206765820937,1.8215532286212914,0.6783988355167394,E
0.7275501307759373,1.1327025715672006,1.6323142075091672,1.941902687000726,0.4537521815008726,1.1445444319460065,1.550877192982456,1.2136416521233275,0.7070851445851447,0.8729895104895105,1.4862399259184236,0.2808307787496133,1.394404503784853,1.1653694796676868,1.4574049803407603,1.6402972027972031,1.1900728670915006,0.931480996068152,0.6783988355167394,0.646719922536916,D
