W,F,Y,C,I,V,L,M,H,T,R,P,Q,N,A,S,K,G,E,D,AA
inf,-4.019864418893374,-17.71077244366551,-8.921407230531997,2.4104832208502773,9.479832024946717,-12.45378934354305,29.873829220762794,-27.351016840043734,-12.121636162746267,28.881243332502017,-10.991519815188179,1.6936627961838935,-25.999081304856876,52.53218718245141,13.161598478160604,18.93607637681979,23.84973324532389,60.83723217625882,8.218086551048197,W
-4.019864418893374,36.411677851217746,-14.151859671792527,31.510977193336508,-22.744356687771905,-31.7978112664907,-33.892497521192475,-7.603590847386895,inf,-22.41318237273874,-12.186366937862001,-28.17110362886586,5.252575568056872,14.433303119011637,2.389832447462406,41.08117335766811,4.866935612321532,11.861518245308602,5.693779295699906,11.776999322921181,F
-17.71077244366551,-14.151859671792527,9.029549699721487,inf,-38.80243484122574,-24.212567654082186,-6.2383991430491585,-3.647476412536784,47.140432047087586,14.6198402363501,-50.8462872559192,-32.113953920465036,-8.438332456715266,-7.194681921118471,9.225010621292741,39.90307487725697,-2.1103327644383296,-1.829389779463528,-7.9971287290722355,-45.50764105538882,Y
-8.921407230531997,31.510977193336508,inf,inf,-9.808647654954788,-42.64708873038114,5.524924215910383,-12.467220606705979,inf,15.510041486445195,-0.9659410796742994,-10.697841146632255,inf,1.632596344334586,22.68500277027509,0.9424676023555385,-10.91110803535652,11.630602369518812,18.496182348790054,13.627009211614377,C
2.4104832208502773,-22.744356687771905,-38.80243484122574,-9.808647654954788,-16.410106560449123,-39.904210901273274,-39.37818306828333,-6.326466475691472,9.801769779304138,-13.23725195559031,-9.838472601429464,-12.049854285340297,8.648604980273255,-4.777504756992662,1.779291206189039,20.116540662249964,-14.915058873918952,30.804675429413248,29.771165979898317,45.370873170396074,I
9.479832024946717,-31.7978112664907,-24.212567654082186,-42.64708873038114,-39.904210901273274,-4.063314729128755,-33.554323113191906,-38.32259672266871,-17.484988222428992,-8.3059103476986,-9.193263659265781,-10.13385373560929,15.717953784369698,25.79509244384248,-0.608370657098309,19.229768841495982,-2.3718645293890357,9.827419651860096,3.9335267779528156,18.08411516866295,V
-12.45378934354305,-33.892497521192475,-6.2383991430491585,5.524924215910383,-39.37818306828333,-33.554323113191906,9.028072840999663,-11.557118221021238,-15.878643539427383,-2.959391681305337,4.96385223601122,18.830920348916504,43.4210864029878,2.542698730019338,1.9068282083884744,19.480623524411527,5.259877758017777,10.789222738139536,33.63437745346521,17.038522151810152,L
29.873829220762794,-7.603590847386895,-3.647476412536784,-12.467220606705979,-6.326466475691472,-38.32259672266871,-11.557118221021238,26.326857185262654,-13.287720808915001,-0.19624725062678167,-18.749566422834363,-2.062436699320717,28.26976837167362,-7.360052744725117,4.901377427115036,9.577872049667072,15.371318871577275,2.5999740044211372,39.6633652637136,12.571437137912639,M
-27.351016840043734,inf,47.140432047087586,inf,9.801769779304138,-17.484988222428992,-15.878643539427383,-13.287720808915001,37.498746511581274,-20.62351398779531,-8.519049853146617,18.622521731890952,-3.427860189723248,-53.784522616872366,15.131893996802775,78.0128029689137,-3.813500145458594,28.43815570368104,-6.684979961053504,-22.506546262626127,H
-12.121636162746267,-22.41318237273874,14.6198402363501,15.510041486445195,-13.23725195559031,-8.3059103476986,-2.959391681305337,-0.19624725062678167,-20.62351398779531,34.494046102886806,1.9346163069103843,-7.797283760047568,3.8264310409409927,2.9511765360168294,11.357467437869362,25.023330830502786,8.035525692696966,48.24326890998153,0.5311990535058526,14.945589403296625,T
28.881243332502017,-12.186366937862001,-50.8462872559192,-0.9659410796742994,-9.838472601429464,-9.193263659265781,4.96385223601122,-18.749566422834363,-8.519049853146617,1.9346163069103843,30.084564322256014,-25.48718402137703,-18.199521887264115,-28.538091682872324,7.8956598955303186,21.041172300660772,0.4345996848863409,15.683230726355257,-56.03321738698783,-38.03386952530723,R
-10.991519815188179,-28.17110362886586,-32.113953920465036,-10.697841146632255,-12.049854285340297,-10.13385373560929,18.830920348916504,-2.062436699320717,18.622521731890952,-7.797283760047568,-25.48718402137703,10.62061537412685,25.4444463794933,29.684402711342106,33.051807401622376,46.6223275057343,25.058806423757957,27.131636500959864,11.234933443766087,54.1916251229829,P
1.6936627961838935,5.252575568056872,-8.438332456715266,inf,8.648604980273255,15.717953784369698,43.4210864029878,28.26976837167362,-3.427860189723248,3.8264310409409927,-18.199521887264115,25.4444463794933,65.4668896328572,-0.32204999358452513,28.629445861142134,6.886910693222579,17.29410247541107,33.122173232274136,16.54153601087093,-2.214863604460882,Q
-25.999081304856876,14.433303119011637,-7.194681921118471,1.632596344334586,-4.777504756992662,25.79509244384248,2.542698730019338,-7.360052744725117,-53.784522616872366,2.9511765360168294,-28.538091682872324,29.684402711342106,-0.32204999358452513,6.738926761909086,11.708115014749172,11.145885688392184,-0.7076899493198754,4.148935723119951,16.88971056275864,-3.5265903463053,N
52.53218718245141,2.389832447462406,9.225010621292741,22.68500277027509,1.779291206189039,-0.608370657098309,1.9068282083884744,4.901377427115036,15.131893996802775,11.357467437869362,7.8956598955303186,33.051807401622376,28.629445861142134,11.708115014749172,41.31348683666335,9.80406857756016,16.792464171429312,18.354196148518717,25.334213873706997,44.88283372359154,A
13.161598478160604,41.08117335766811,39.90307487725697,0.9424676023555385,20.116540662249964,19.229768841495982,19.480623524411527,9.577872049667072,78.0128029689137,25.023330830502786,21.041172300660772,46.6223275057343,6.886910693222579,11.145885688392184,9.80406857756016,88.40293234547188,6.501270737487243,44.590108914250834,10.32438696041214,18.006069055578212,S
18.93607637681979,4.866935612321532,-2.1103327644383296,-10.91110803535652,-14.915058873918952,-2.3718645293890357,5.259877758017777,15.371318871577275,-3.813500145458594,8.035525692696966,0.4345996848863409,25.058806423757957,17.29410247541107,-0.7076899493198754,16.792464171429312,6.501270737487243,24.844794610921696,-3.3366806939519487,-29.993422079712033,-28.735554155183863,K
23.84973324532389,11.861518245308602,-1.829389779463528,11.630602369518812,30.804675429413248,9.827419651860096,10.789222738139536,2.5999740044211372,28.43815570368104,48.24326890998153,15.683230726355257,27.131636500959864,33.122173232274136,4.148935723119951,18.354196148518717,44.590108914250834,-3.3366806939519487,61.99144003382736,24.810379981854798,33.82843332283525,G
60.83723217625882,5.693779295699906,-7.9971287290722355,18.496182348790054,29.771165979898317,3.9335267779528156,33.63437745346521,39.6633652637136,-6.684979961053504,0.5311990535058526,-56.03321738698783,11.234933443766087,16.54153601087093,16.88971056275864,25.334213873706997,10.32438696041214,-29.993422079712033,24.810379981854798,48.4034452692398,28.88412343003843,E
8.218086551048197,11.776999322921181,-45.50764105538882,13.627009211614377,45.370873170396074,18.08411516866295,17.038522151810152,12.571437137912639,-22.506546262626127,14.945589403296625,-38.03386952530723,54.1916251229829,-2.214863604460882,-3.5265903463053,44.88283372359154,18.006069055578212,-28.735554155183863,33.82843332283525,28.88412343003843,78.51584013442947,D
