W,F,Y,C,I,V,L,M,H,T,R,P,Q,N,A,S,K,G,E,D,AA
-10.503956330518172,-24.54126363939842,-53.7614287790255,37.50453671686443,-11.410317621971613,-6.980372387819991,6.150305842364501,6.376786526936646,-17.723889550657997,-21.360764177355335,-12.271039508918873,-22.002939575876827,18.021969003472144,30.174102788548907,3.4422506428458113,29.489904685448852,25.56095263465735,-2.483877141858996,-0.7264480003763361,-5.595621137552017,W
-24.54126363939842,-35.98143407526165,-64.81146406395239,-22.12156970742189,-44.47383182040635,-33.11150421186644,-36.2814532871028,-47.89327999864534,-44.80243630745323,-14.644540042321966,-6.198229671278724,8.137169915065087,-3.6481882048963645,-1.5200417377572595,-9.411984256576936,17.54332656666912,-10.505706920882742,-4.133993560887072,-5.667183823411402,17.188587971682352,F
-53.7614287790255,-64.81146406395239,-46.12597987309734,-26.108471655669014,-36.92594096028448,-27.306373542497926,-30.487000612154713,-40.26431580294725,-44.60438165679349,-34.58944679296268,-33.437375822710926,-34.6159273795739,-20.694509739491217,-24.518937763259856,-11.688043609069451,-13.821887397203053,-31.137328695958864,-27.99950048017185,-40.383749016825156,-24.22726498535921,Y
37.50453671686443,-22.12156970742189,-26.108471655669014,25.28257499347563,-11.109545799194008,-19.19950326362506,17.719332427502785,-5.842344348868423,-45.45272212857226,7.509115239459679,23.286988714534502,-11.998163628649955,-0.8983407902354388,0.3328490152515887,8.871295081674877,17.27077380964378,13.341821758852282,1.6022555924859323,64.93455058711703,42.44975547851856,C
-11.410317621971613,-44.47383182040635,-36.92594096028448,-11.109545799194008,-5.110755225736105,-28.9056938616216,-26.81270642522785,-33.65715868201697,5.690914380746535,1.0605492037727107,14.08784901582143,-6.466202341972152,11.93955546938557,3.3531011065417706,-8.994355497660436,21.821543984383297,6.958602173961674,18.047231561227544,24.978713450072394,11.052745770738866,I
-6.980372387819991,-33.11150421186644,-27.306373542497926,-19.19950326362506,-28.9056938616216,1.5838884134705422,-14.937451885981723,-21.880774010444267,5.277369334049624,1.3894522152306423,8.253517293558147,-3.465861876695657,15.89243902305369,10.422449910638212,-9.328073427567796,33.83225346528144,14.02795097805811,8.517824996786583,19.079882125312192,23.94738086136734,V
6.150305842364501,-36.2814532871028,-30.487000612154713,17.719332427502785,-26.81270642522785,-14.937451885981723,6.66313931967039,-18.20558667069515,4.8219278978590845,11.981515348606571,10.923746392707777,10.783791629557456,23.234028211443423,14.3586186671216,2.292608364758395,39.69685350998522,13.333969837071757,30.511879655620255,11.343636042294222,36.09626308586832,L
6.376786526936646,-47.89327999864534,-40.26431580294725,-5.842344348868423,-33.65715868201697,-21.880774010444267,-18.20558667069515,-8.597620462689624,-27.108521651736893,-5.462759709961384,-4.31068873970964,18.06904852762965,26.969445889655923,-24.684308586866504,9.234125036370095,8.275821050415976,14.070420727338059,4.65160339586485,16.139135958663964,20.980484437937715,M
-17.723889550657997,-44.80243630745323,-44.60438165679349,-45.45272212857226,5.690914380746535,5.277369334049624,4.8219278978590845,-27.108521651736893,-36.584836363636555,-8.848305506762825,-5.462082439127324,-1.8988774886140936,-1.7265044216030108,-26.878047347841584,-0.24074853640149357,-5.787825854481249,-2.112144377338355,2.7748654026478516,-7.987608154452161,-37.55937495407673,H
-21.360764177355335,-14.644540042321966,-34.58944679296268,7.509115239459679,1.0605492037727107,1.3894522152306423,11.981515348606571,-5.462759709961384,-8.848305506762825,50.84017041826985,1.7631464488424609,-10.209456541935715,29.913420077641895,0.061445250658849364,11.700588801914806,20.23087830067687,13.721406397759312,3.246543891246809,0.2775936777466545,9.046491945229068,T
-12.271039508918873,-6.198229671278724,-33.437375822710926,23.286988714534502,14.08784901582143,8.253517293558147,10.923746392707777,-4.31068873970964,-5.462082439127324,1.7631464488424609,17.828387039480063,6.511132266314997,-0.4847024562014573,-7.257715612842722,18.216460358493393,19.737388182281773,23.196957241364952,19.10290390923526,-33.0375373804421,-20.824977136584767,R
-22.002939575876827,8.137169915065087,-34.6159273795739,-11.998163628649955,-6.466202341972152,-3.465861876695657,10.783791629557456,18.06904852762965,-1.8988774886140936,-10.209456541935715,6.511132266314997,46.193764544104674,-6.057760906341447,4.021112410308925,14.593558278265428,15.140295834249166,1.5073259874344733,17.577157632058785,6.814684074958771,-0.9639044498359391,P
18.021969003472144,-3.6481882048963645,-20.694509739491217,-0.8983407902354388,11.93955546938557,15.89243902305369,23.234028211443423,26.969445889655923,-1.7265044216030108,29.913420077641895,-0.4847024562014573,-6.057760906341447,30.542411984904934,-3.40465010223458,11.605482370383712,21.131410271712188,-0.03015336673032111,10.808816948765873,6.98705714196985,12.224014078663838,Q
30.174102788548907,-1.5200417377572595,-24.518937763259856,0.3328490152515887,3.3531011065417706,10.422449910638212,14.3586186671216,-24.684308586866504,-26.878047347841584,0.061445250658849364,-7.257715612842722,4.021112410308925,-3.40465010223458,23.085051077292125,19.039173784327957,22.375638001456544,24.687521255397808,30.709151533877936,3.0475861130037014,3.1197736526297257,N
3.4422506428458113,-9.411984256576936,-11.688043609069451,8.871295081674877,-8.994355497660436,-9.328073427567796,2.292608364758395,9.234125036370095,-0.24074853640149357,11.700588801914806,18.216460358493393,14.593558278265428,11.605482370383712,19.039173784327957,41.867060532670216,32.06571299202137,22.78060143801258,23.797070585656787,20.050530250586508,61.24085865270735,A
29.489904685448852,17.54332656666912,-13.821887397203053,17.27077380964378,21.821543984383297,33.83225346528144,39.69685350998522,8.275821050415976,-5.787825854481249,20.23087830067687,19.737388182281773,15.140295834249166,21.131410271712188,22.375638001456544,32.06571299202137,47.250649504051,32.588259774188145,33.979492720121726,28.561122897816226,39.498323484787804,S
25.56095263465735,-10.505706920882742,-31.137328695958864,13.341821758852282,6.958602173961674,14.02795097805811,13.333969837071757,14.070420727338059,-2.112144377338355,13.721406397759312,23.196957241364952,1.5073259874344733,-0.03015336673032111,24.687521255397808,22.78060143801258,32.588259774188145,41.18497518682353,35.793500690558076,-27.31515119759797,-21.178198788459348,K
-2.483877141858996,-4.133993560887072,-27.99950048017185,1.6022555924859323,18.047231561227544,8.517824996786583,30.511879655620255,4.65160339586485,2.7748654026478516,3.246543891246809,19.10290390923526,17.577157632058785,10.808816948765873,30.709151533877936,23.797070585656787,33.979492720121726,35.793500690558076,48.15643082196448,27.66427950184961,30.745833214185197,G
-0.7264480003763361,-5.667183823411402,-40.383749016825156,64.93455058711703,24.978713450072394,19.079882125312192,11.343636042294222,16.139135958663964,-7.987608154452161,0.2775936777466545,-33.0375373804421,6.814684074958771,6.98705714196985,3.0475861130037014,20.050530250586508,28.561122897816226,-27.31515119759797,27.66427950184961,74.44763192166666,12.03263280757392,E
-5.595621137552017,17.188587971682352,-24.22726498535921,42.44975547851856,11.052745770738866,23.94738086136734,36.09626308586832,20.980484437937715,-37.55937495407673,9.046491945229068,-20.824977136584767,-0.9639044498359391,12.224014078663838,3.1197736526297257,61.24085865270735,39.498323484787804,-21.178198788459348,30.745833214185197,12.03263280757392,59.58746411604052,D
