W,F,Y,C,I,V,L,M,H,T,R,P,Q,N,A,S,K,G,E,D,AA
inf,-4.019864418895564,-17.710772443667988,-8.921407230536833,2.410483220849396,9.479832024946544,-12.453789343543335,29.87382922075953,-27.3510168400455,-12.121636162748068,28.881243332501054,-10.99151981519005,1.6936627961824096,-25.999081304860272,52.532187182450265,13.161598478159437,18.93607637681825,23.849733245322554,60.83723217625743,8.218086551047602,W
-4.019864418895564,36.411677851216545,-14.151859671793737,31.510977193334718,-22.744356687772353,-31.797811266491255,-33.89249752119281,-7.6035908473881655,inf,-22.413182372738955,-12.186366937862008,-28.171103628865872,5.252575568056741,14.433303119010485,2.3898324474619885,41.081173357667225,4.866935612320955,11.861518245308284,5.693779295699763,11.776999322921162,F
-17.710772443667988,-14.151859671793737,9.029549699719503,inf,-38.802434841226145,-24.21256765408225,-6.238399143049676,-3.6474764125385217,47.14043204708721,14.619840236348935,-50.84628725591986,-32.11395392046515,-8.438332456715536,-7.194681921120408,9.225010621292205,39.9030748772557,-2.1103327644388257,-1.8293897794639535,-7.9971287290722985,-45.50764105538965,Y
-8.921407230536833,31.510977193334718,inf,inf,-9.808647654957712,-42.64708873038231,5.524924215908877,-12.467220606708764,inf,15.510041486445077,-0.9659410796765914,-10.697841146632353,inf,1.6325963443321627,22.68500277027393,0.9424676023536958,-10.911108035357465,11.63060236951662,18.49618234878989,13.62700921161294,C
2.410483220849396,-22.744356687772353,-38.802434841226145,-9.808647654957712,-16.410106560449638,-39.90421090127377,-39.37818306828348,-6.326466475692039,9.80176977930398,-13.23725195559075,-9.838472601429642,-12.049854285340846,8.648604980272466,-4.777504756993431,1.7792912061888984,20.11654066224937,-14.915058873919381,30.804675429412935,29.77116597989773,45.370873170395505,I
9.479832024946544,-31.797811266491255,-24.21256765408225,-42.64708873038231,-39.90421090127377,-4.063314729128991,-33.55432311319193,-38.322596722669275,-17.484988222429873,-8.305910347699125,-9.193263659265885,-10.133853735609595,15.717953784369074,25.795092443842023,-0.6083706570984231,19.229768841495805,-2.371864529389328,9.827419651860048,3.9335267779526895,18.084115168662432,V
-12.453789343543335,-33.89249752119281,-6.238399143049676,5.524924215908877,-39.37818306828348,-33.55432311319193,9.028072840999526,-11.557118221021888,-15.878643539428133,-2.9593916813055263,4.9638522360108785,18.830920348916457,43.421086402987676,2.5426987300189956,1.9068282083882682,19.480623524411193,5.25987775801771,10.789222738139399,33.634377453465106,17.038522151809985,L
29.87382922075953,-7.6035908473881655,-3.6474764125385217,-12.467220606708764,-6.326466475692039,-38.322596722669275,-11.557118221021888,26.326857185260682,-13.28772080891728,-0.19624725062729045,-18.74956642283509,-2.0624366993211765,28.269768371673322,-7.36005274472641,4.901377427114879,9.577872049665803,15.371318871576372,2.5999740044206665,39.66336526371333,12.571437137911737,M
-27.3510168400455,inf,47.14043204708721,inf,9.80176977930398,-17.484988222429873,-15.878643539428133,-13.28772080891728,37.49874651157722,-20.62351398779701,-8.51904985314805,18.622521731890888,-3.4278601897248073,-53.784522616873375,15.131893996801852,78.01280296891336,-3.813500145459857,28.438155703680795,-6.684979961054497,-22.506546262627854,H
-12.121636162748068,-22.413182372738955,14.619840236348935,15.510041486445077,-13.23725195559075,-8.305910347699125,-2.9593916813055263,-0.19624725062729045,-20.62351398779701,34.49404610288616,1.9346163069097893,-7.797283760047867,3.826431040940445,2.9511765360165607,11.35746743786908,25.023330830502346,8.03552569269663,48.243268909981,0.5311990535054621,14.945589403296372,T
28.881243332501054,-12.186366937862008,-50.84628725591986,-0.9659410796765914,-9.838472601429642,-9.193263659265885,4.9638522360108785,-18.74956642283509,-8.51904985314805,1.9346163069097893,30.08456432225557,-25.48718402137757,-18.19952188726453,-28.538091682872796,7.8956598955299535,21.04117230066074,0.43459968488562495,15.683230726355223,-56.03321738698834,-38.03386952530773,R
-10.99151981519005,-28.171103628865872,-32.11395392046515,-10.697841146632353,-12.049854285340846,-10.133853735609595,18.830920348916457,-2.0624366993211765,18.622521731890888,-7.797283760047867,-25.48718402137757,10.620615374126652,25.444446379492657,29.684402711341523,33.05180740162219,46.622327505733644,25.058806423757296,27.13163650095945,11.234933443765605,54.19162512298289,P
1.6936627961824096,5.252575568056741,-8.438332456715536,inf,8.648604980272466,15.717953784369074,43.421086402987676,28.269768371673322,-3.4278601897248073,3.826431040940445,-18.19952188726453,25.444446379492657,65.46688963285659,-0.32204999358463043,28.6294458611419,6.886910693222403,17.29410247541041,33.12217323227374,16.54153601087075,-2.21486360446167,Q
-25.999081304860272,14.433303119010485,-7.194681921120408,1.6325963443321627,-4.777504756993431,25.795092443842023,2.5426987300189956,-7.36005274472641,-53.784522616873375,2.9511765360165607,-28.538091682872796,29.684402711341523,-0.32204999358463043,6.738926761907928,11.708115014748637,11.145885688391587,-0.7076899493207293,4.148935723119919,16.889710562758015,-3.5265903463055843,N
52.532187182450265,2.3898324474619885,9.225010621292205,22.68500277027393,1.7792912061888984,-0.6083706570984231,1.9068282083882682,4.901377427114879,15.131893996801852,11.35746743786908,7.8956598955299535,33.05180740162219,28.6294458611419,11.708115014748637,41.31348683666328,9.804068577560148,16.792464171429263,18.354196148518586,25.334213873706844,44.88283372359132,A
13.161598478159437,41.081173357667225,39.9030748772557,0.9424676023536958,20.11654066224937,19.229768841495805,19.480623524411193,9.577872049665803,78.01280296891336,25.023330830502346,21.04117230066074,46.622327505733644,6.886910693222403,11.145885688391587,9.804068577560148,88.40293234547168,6.501270737487169,44.59010891425048,10.32438696041214,18.006069055577495,S
18.93607637681825,4.866935612320955,-2.1103327644388257,-10.911108035357465,-14.915058873919381,-2.371864529389328,5.25987775801771,15.371318871576372,-3.813500145459857,8.03552569269663,0.43459968488562495,25.058806423757296,17.29410247541041,-0.7076899493207293,16.792464171429263,6.501270737487169,24.84479461092146,-3.3366806939519758,-29.993422079712396,-28.735554155184108,K
23.849733245322554,11.861518245308284,-1.8293897794639535,11.63060236951662,30.804675429412935,9.827419651860048,10.789222738139399,2.5999740044206665,28.438155703680795,48.243268909981,15.683230726355223,27.13163650095945,33.12217323227374,4.148935723119919,18.354196148518586,44.59010891425048,-3.3366806939519758,61.991440033827,24.810379981854336,33.828433322835075,G
60.83723217625743,5.693779295699763,-7.9971287290722985,18.49618234878989,29.77116597989773,3.9335267779526895,33.634377453465106,39.66336526371333,-6.684979961054497,0.5311990535054621,-56.03321738698834,11.234933443765605,16.54153601087075,16.889710562758015,25.334213873706844,10.32438696041214,-29.993422079712396,24.810379981854336,48.40344526923971,28.88412343003843,E
8.218086551047602,11.776999322921162,-45.50764105538965,13.62700921161294,45.370873170395505,18.084115168662432,17.038522151809985,12.571437137911737,-22.506546262627854,14.945589403296372,-38.03386952530773,54.19162512298289,-2.21486360446167,-3.5265903463055843,44.88283372359132,18.006069055577495,-28.735554155184108,33.828433322835075,28.88412343003843,78.51584013442883,D
