W,F,Y,C,I,V,L,M,H,T,R,P,Q,N,A,S,K,G,E,D,AA
-10.503956330521541,-24.54126363940061,-53.76142877902799,37.50453671685959,-11.410317621972496,-6.980372387820164,6.150305842364224,6.376786526933385,-17.723889550659766,-21.360764177357133,-12.271039508919825,-22.0029395758787,18.021969003470662,30.174102788545504,3.4422506428446686,29.489904685447684,25.56095263465581,-2.483877141860326,-0.7264480003777395,-5.595621137552611,W
-24.54126363940061,-35.98143407526287,-64.8114640639536,-22.12156970742368,-44.473831820406794,-33.111504211866986,-36.28145328710313,-47.89327999864661,-44.80243630745386,-14.644540042322179,-6.198229671278732,8.137169915065071,-3.6481882048964978,-1.5200417377584141,-9.411984256577355,17.54332656666823,-10.505706920883318,-4.133993560887388,-5.667183823411545,17.188587971682335,F
-53.76142877902799,-64.8114640639536,-46.12597987309933,-26.108471655670755,-36.92594096028487,-27.30637354249799,-30.487000612155228,-40.264315802949,-44.60438165679386,-34.58944679296385,-33.43737582271159,-34.615927379574,-20.694509739491483,-24.518937763261793,-11.68804360906999,-13.82188739720433,-31.137328695959354,-27.99950048017228,-40.38374901682521,-24.227264985360048,Y
37.50453671685959,-22.12156970742368,-26.108471655670755,25.282574993460926,-11.109545799196926,-19.199503263626227,17.71933242750128,-5.842344348871205,-45.45272212857483,7.5091152394595655,23.28698871453222,-11.998163628650044,-0.898340790239,0.33284901524916416,8.871295081673718,17.270773809641945,13.341821758851339,1.602255592483736,64.93455058711686,42.44975547851712,C
-11.410317621972496,-44.473831820406794,-36.92594096028487,-11.109545799196926,-5.110755225736619,-28.9056938616221,-26.812706425228,-33.65715868201754,5.690914380746381,1.060549203772271,14.087849015821249,-6.4662023419727,11.939555469384782,3.353101106540994,-8.99435549766057,21.8215439843827,6.958602173961238,18.047231561227235,24.978713450071805,11.052745770738301,I
-6.980372387820164,-33.111504211866986,-27.30637354249799,-19.199503263626227,-28.9056938616221,1.5838884134702973,-14.937451885981744,-21.880774010444828,5.277369334048742,1.3894522152301096,8.25351729355804,-3.4658618766959597,15.89243902305307,10.422449910637752,-9.328073427567912,33.83225346528126,14.027950978057818,8.517824996786537,19.079882125312064,23.947380861366824,V
6.150305842364224,-36.28145328710313,-30.487000612155228,17.71933242750128,-26.812706425228,-14.937451885981744,6.663139319670261,-18.2055866706958,4.821927897858336,11.981515348606381,10.92374639270743,10.783791629557408,23.234028211443295,14.358618667121267,2.2926083647581916,39.69685350998489,13.333969837071692,30.51187965562012,11.343636042294115,36.096263085868145,L
6.376786526933385,-47.89327999864661,-40.264315802949,-5.842344348871205,-33.65715868201754,-21.880774010444828,-18.2055866706958,-8.597620462691594,-27.108521651739174,-5.462759709961895,-4.310688739710365,18.06904852762919,26.96944588965563,-24.684308586867797,9.234125036369935,8.275821050414704,14.07042072733716,4.651603395864377,16.13913595866369,20.98048443793681,M
-17.723889550659766,-44.80243630745386,-44.60438165679386,-45.45272212857483,5.690914380746381,5.277369334048742,4.821927897858336,-27.108521651739174,-36.58483636364062,-8.848305506764532,-5.4620824391287615,-1.898877488614158,-1.7265044216045675,-26.8780473478426,-0.24074853640241425,-5.787825854481587,-2.1121443773396136,2.77486540264761,-7.987608154453148,-37.559374954078464,H
-21.360764177357133,-14.644540042322179,-34.58944679296385,7.5091152394595655,1.060549203772271,1.3894522152301096,11.981515348606381,-5.462759709961895,-8.848305506764532,50.840170418269196,1.7631464488418684,-10.209456541936019,29.913420077641344,0.06144525065857896,11.700588801914522,20.230878300676412,13.721406397758981,3.24654389124628,0.2775936777462663,9.046491945228812,T
-12.271039508919825,-6.198229671278732,-33.43737582271159,23.28698871453222,14.087849015821249,8.25351729355804,10.92374639270743,-4.310688739710365,-5.4620824391287615,1.7631464488418684,17.828387039479622,6.511132266314464,-0.48470245620187685,-7.257715612843195,18.216460358493034,19.73738818228174,23.196957241364238,19.10290390923522,-33.03753738044261,-20.824977136585268,R
-22.0029395758787,8.137169915065071,-34.615927379574,-11.998163628650044,-6.4662023419727,-3.4658618766959597,10.783791629557408,18.06904852762919,-1.898877488614158,-10.209456541936019,6.511132266314464,46.193764544104475,-6.057760906342085,4.021112410308338,14.593558278265245,15.14029583424851,1.5073259874338145,17.57715763205837,6.814684074958286,-0.9639044498359485,P
18.021969003470662,-3.6481882048964978,-20.694509739491483,-0.898340790239,11.939555469384782,15.89243902305307,23.234028211443295,26.96944588965563,-1.7265044216045675,29.913420077641344,-0.48470245620187685,-6.057760906342085,30.542411984904316,-3.4046501022346876,11.605482370383479,21.131410271712014,-0.0301533667309764,10.808816948765477,6.987057141969663,12.224014078663052,Q
30.174102788545504,-1.5200417377584141,-24.518937763261793,0.33284901524916416,3.353101106540994,10.422449910637752,14.358618667121267,-24.684308586867797,-26.8780473478426,0.06144525065857896,-7.257715612843195,4.021112410308338,-3.4046501022346876,23.08505107729097,19.039173784327417,22.375638001455943,24.68752125539695,30.709151533877904,3.0475861130030752,3.119773652629446,N
3.4422506428446686,-9.411984256577355,-11.68804360906999,8.871295081673718,-8.99435549766057,-9.328073427567912,2.2926083647581916,9.234125036369935,-0.24074853640241425,11.700588801914522,18.216460358493034,14.593558278265245,11.605482370383479,19.039173784327417,41.86706053267013,32.06571299202135,22.780601438012543,23.797070585656655,20.050530250586363,61.24085865270714,A
29.489904685447684,17.54332656666823,-13.82188739720433,17.270773809641945,21.8215439843827,33.83225346528126,39.69685350998489,8.275821050414704,-5.787825854481587,20.230878300676412,19.73738818228174,15.14029583424851,21.131410271712014,22.375638001455943,32.06571299202135,47.25064950405081,32.588259774188074,33.97949272012137,28.561122897816226,39.498323484787086,S
25.56095263465581,-10.505706920883318,-31.137328695959354,13.341821758851339,6.958602173961238,14.027950978057818,13.333969837071692,14.07042072733716,-2.1121443773396136,13.721406397758981,23.196957241364238,1.5073259874338145,-0.0301533667309764,24.68752125539695,22.780601438012543,32.588259774188074,41.184975186823294,35.793500690558055,-27.315151197598333,-21.178198788459593,K
-2.483877141860326,-4.133993560887388,-27.99950048017228,1.602255592483736,18.047231561227235,8.517824996786537,30.51187965562012,4.651603395864377,2.77486540264761,3.24654389124628,19.10290390923522,17.57715763205837,10.808816948765477,30.709151533877904,23.797070585656655,33.97949272012137,35.793500690558055,48.15643082196412,27.664279501849155,30.74583321418502,G
-0.7264480003777395,-5.667183823411545,-40.38374901682521,64.93455058711686,24.978713450071805,19.079882125312064,11.343636042294115,16.13913595866369,-7.987608154453148,0.2775936777462663,-33.03753738044261,6.814684074958286,6.987057141969663,3.0475861130030752,20.050530250586363,28.561122897816226,-27.315151197598333,27.664279501849155,74.44763192166656,12.03263280757392,E
-5.595621137552611,17.188587971682335,-24.227264985360048,42.44975547851712,11.052745770738301,23.947380861366824,36.096263085868145,20.98048443793681,-37.559374954078464,9.046491945228812,-20.824977136585268,-0.9639044498359485,12.224014078663052,3.119773652629446,61.24085865270714,39.498323484787086,-21.178198788459593,30.74583321418502,12.03263280757392,59.58746411603988,D
