W,F,Y,C,I,V,L,M,H,T,R,P,Q,N,A,S,K,G,E,D,AA
0.0005984440454817474,0.002097692538207971,0.002999400119976005,0.00014954389113204725,0.002398081534772182,0.002548343576675161,0.002849002849002849,0.0007481669908723628,0.001047747343212094,0.0026986506746626685,0.002247864528697737,0.002247864528697737,0.0008979347500748278,0.0005984440454817474,0.0026986506746626685,0.0008979347500748278,0.0007481669908723628,0.002398081534772182,0.0017974835230677051,0.0017974835230677051,W
0.002097692538207971,0.006925624811803674,0.009814283557300317,0.001497454327643007,0.01302635564980309,0.011800302571860818,0.01920146296860713,0.006622516556291391,0.0049586776859504135,0.005865543690780568,0.0049586776859504135,0.002849002849002849,0.0037520636349992497,0.0031498425078746064,0.009204768371812283,0.002999400119976005,0.004355008259498423,0.006319590731266927,0.00510970844604749,0.0026986506746626685,F
0.002999400119976005,0.009814283557300317,0.0046567522908216915,0.0011976047904191617,0.0079879427279578,0.007532389273877674,0.01225972453458453,0.004053445428614322,0.003601440576230492,0.006774047869938281,0.006774047869938281,0.005563073222071869,0.004053445428614322,0.003902731912338637,0.007077247402499624,0.0045058576148993695,0.00510970844604749,0.0079879427279578,0.008291873963515755,0.00510970844604749,Y
0.00014954389113204725,0.001497454327643007,0.0011976047904191617,0.00014954389113204725,0.0017974835230677051,0.002548343576675161,0.0016474464579901153,0.0007481669908723628,0.001497454327643007,0.001047747343212094,0.0007481669908723628,0.0013475071118430903,0.001047747343212094,0.0008979347500748278,0.0017974835230677051,0.0008979347500748278,0.0007481669908723628,0.0016474464579901153,0.0002991325157044571,0.0004487658937920718,C
0.002398081534772182,0.01302635564980309,0.0079879427279578,0.0017974835230677051,0.008139885438649382,0.016567867457060344,0.023882424984690752,0.007380629612893508,0.002398081534772182,0.006319590731266927,0.004807692307692308,0.006168196178727246,0.004053445428614322,0.004355008259498423,0.014101592115238818,0.004204204204204204,0.0045058576148993695,0.005865543690780568,0.003902731912338637,0.004807692307692308,I
0.002548343576675161,0.011800302571860818,0.007532389273877674,0.002548343576675161,0.016567867457060344,0.00966183574879227,0.021380574221136223,0.006622516556291391,0.002849002849002849,0.007380629612893508,0.006471030850263356,0.006774047869938281,0.004355008259498423,0.004355008259498423,0.016722408026755852,0.0037520636349992497,0.0045058576148993695,0.008595988538681949,0.005260784608447317,0.004204204204204204,V
0.002849002849002849,0.01920146296860713,0.01225972453458453,0.0016474464579901153,0.023882424984690752,0.021380574221136223,0.019667632261015398,0.009204768371812283,0.004355008259498423,0.008748114630467572,0.009204768371812283,0.007380629612893508,0.005563073222071869,0.006016847172081829,0.01935680536503582,0.0049586776859504135,0.006925624811803674,0.007836045810729355,0.009509433962264151,0.004807692307692308,L
0.0007481669908723628,0.006622516556291391,0.004053445428614322,0.0007481669908723628,0.007380629612893508,0.006622516556291391,0.009204768371812283,0.001947565543071161,0.002398081534772182,0.0034508627156789196,0.0034508627156789196,0.0016474464579901153,0.0013475071118430903,0.003902731912338637,0.004355008259498423,0.0026986506746626685,0.0017974835230677051,0.0037520636349992497,0.002247864528697737,0.0017974835230677051,M
0.001047747343212094,0.0049586776859504135,0.003601440576230492,0.001497454327643007,0.002398081534772182,0.002849002849002849,0.004355008259498423,0.002398081534772182,0.002398081534772182,0.002999400119976005,0.002849002849002849,0.002097692538207971,0.002097692538207971,0.0033003300330033004,0.004355008259498423,0.002999400119976005,0.002097692538207971,0.0031498425078746064,0.0031498425078746064,0.005563073222071869,H
0.0026986506746626685,0.005865543690780568,0.006774047869938281,0.001047747343212094,0.006319590731266927,0.007380629612893508,0.008748114630467572,0.0034508627156789196,0.002999400119976005,0.0017974835230677051,0.005714285714285714,0.006016847172081829,0.002398081534772182,0.004204204204204204,0.007836045810729355,0.003902731912338637,0.0034508627156789196,0.007380629612893508,0.006168196178727246,0.0045058576148993695,T
0.002247864528697737,0.0049586776859504135,0.006774047869938281,0.0007481669908723628,0.004807692307692308,0.006471030850263356,0.009204768371812283,0.0034508627156789196,0.002849002849002849,0.005714285714285714,0.004053445428614322,0.004204204204204204,0.0049586776859504135,0.00510970844604749,0.006925624811803674,0.004053445428614322,0.002849002849002849,0.005260784608447317,0.013640497120339497,0.009204768371812283,R
0.002247864528697737,0.002849002849002849,0.005563073222071869,0.0013475071118430903,0.006168196178727246,0.006774047869938281,0.007380629612893508,0.0016474464579901153,0.002097692538207971,0.006016847172081829,0.004204204204204204,0.0013475071118430903,0.0045058576148993695,0.0031498425078746064,0.006016847172081829,0.003601440576230492,0.0037520636349992497,0.004355008259498423,0.004355008259498423,0.0046567522908216915,P
0.0008979347500748278,0.0037520636349992497,0.004053445428614322,0.001047747343212094,0.004053445428614322,0.004355008259498423,0.005563073222071869,0.0013475071118430903,0.002097692538207971,0.002398081534772182,0.0049586776859504135,0.0045058576148993695,0.001947565543071161,0.0037520636349992497,0.006471030850263356,0.0031498425078746064,0.003902731912338637,0.00510970844604749,0.004355008259498423,0.0034508627156789196,Q
0.0005984440454817474,0.0031498425078746064,0.003902731912338637,0.0008979347500748278,0.004355008259498423,0.004355008259498423,0.006016847172081829,0.003902731912338637,0.0033003300330033004,0.004204204204204204,0.00510970844604749,0.0031498425078746064,0.0037520636349992497,0.0017974835230677051,0.004807692307692308,0.0026986506746626685,0.001947565543071161,0.002849002849002849,0.004204204204204204,0.0037520636349992497,N
0.0026986506746626685,0.009204768371812283,0.007077247402499624,0.0017974835230677051,0.014101592115238818,0.016722408026755852,0.01935680536503582,0.004355008259498423,0.004355008259498423,0.007836045810729355,0.006925624811803674,0.006016847172081829,0.006471030850263356,0.004807692307692308,0.006925624811803674,0.005260784608447317,0.0049586776859504135,0.008139885438649382,0.006925624811803674,0.002398081534772182,A
0.0008979347500748278,0.002999400119976005,0.0045058576148993695,0.0008979347500748278,0.004204204204204204,0.0037520636349992497,0.0049586776859504135,0.0026986506746626685,0.002999400119976005,0.003902731912338637,0.004053445428614322,0.003601440576230492,0.0031498425078746064,0.0026986506746626685,0.005260784608447317,0.002247864528697737,0.002398081534772182,0.003902731912338637,0.0034508627156789196,0.002398081534772182,S
0.0007481669908723628,0.004355008259498423,0.00510970844604749,0.0007481669908723628,0.0045058576148993695,0.0045058576148993695,0.006925624811803674,0.0017974835230677051,0.002097692538207971,0.0034508627156789196,0.002849002849002849,0.0037520636349992497,0.003902731912338637,0.001947565543071161,0.0049586776859504135,0.002398081534772182,0.001497454327643007,0.002849002849002849,0.009509433962264151,0.007380629612893508,K
0.002398081534772182,0.006319590731266927,0.0079879427279578,0.0016474464579901153,0.005865543690780568,0.008595988538681949,0.007836045810729355,0.0037520636349992497,0.0031498425078746064,0.007380629612893508,0.005260784608447317,0.004355008259498423,0.00510970844604749,0.002849002849002849,0.008139885438649382,0.003902731912338637,0.002849002849002849,0.003601440576230492,0.0045058576148993695,0.0037520636349992497,G
0.0017974835230677051,0.00510970844604749,0.008291873963515755,0.0002991325157044571,0.003902731912338637,0.005260784608447317,0.009509433962264151,0.002247864528697737,0.0031498425078746064,0.006168196178727246,0.013640497120339497,0.004355008259498423,0.004355008259498423,0.004204204204204204,0.006925624811803674,0.0034508627156789196,0.009509433962264151,0.0045058576148993695,0.0011976047904191617,0.0045058576148993695,E
0.0017974835230677051,0.0026986506746626685,0.00510970844604749,0.0004487658937920718,0.004807692307692308,0.004204204204204204,0.004807692307692308,0.0017974835230677051,0.005563073222071869,0.0045058576148993695,0.009204768371812283,0.0046567522908216915,0.0034508627156789196,0.0037520636349992497,0.002398081534772182,0.002398081534772182,0.007380629612893508,0.0037520636349992497,0.0045058576148993695,0.0013475071118430903,D
