W,F,Y,C,I,V,L,M,H,T,R,P,Q,N,A,S,K,G,E,D,AA
inf,1.6040355608830286,2.2935412917416516,0.34335277403918046,1.3747002398081534,1.460837955329036,0.6515669515669517,1.7177914110429449,0.8011774684428479,1.2370614692653672,2.5794245466806536,1.2885883410759778,0.686620772223885,0.27432675044883303,3.096701649175412,0.686620772223885,0.8585216220260363,1.8337330135891285,4.127022168963451,1.3744757339724385,W
1.6040355608830286,5.295794439425876,3.2106727637453893,3.438155136268344,1.6492813625500689,1.03071104387292,1.0565487916384804,2.5286975717439293,inf,0.8362065724169048,0.8712015257469803,0.4334283000949668,1.227460817735469,1.4438878056097195,1.3122547910064886,1.7194061187762448,1.4247098448930555,1.4452904002407463,1.2990014360618507,0.8828442921396444,F
2.2935412917416516,3.2106727637453893,3.5608632517149865,inf,0.9577122912783088,1.0738362458571857,1.747776978961707,2.32363759195316,8.268907563025211,3.105223543579708,0.6697471676625936,1.0593018593695183,1.3260557187895425,1.4901931351946363,1.6185664809516642,3.4454791228597177,1.9510570083157999,1.826842501883949,2.1079786253915604,0.6126271494787464,Y
0.34335277403918046,3.438155136268344,inf,inf,1.030407429598562,0.5828061759856094,0.7551894563426689,0.8585216220260363,inf,1.202290076335878,0.5720983590204001,1.030393771522683,inf,1.030380125710865,1.3744757339724385,0.686620772223885,0.5720983590204001,1.259747391543108,0.3432545617708645,0.5149588631264025,C
1.3747002398081534,1.6492813625500689,0.9577122912783088,1.030407429598562,0.7709149834187519,0.7762736231443482,0.7487644790974874,1.8763200615889273,1.0992805755395683,0.7194854047547397,0.576417004048583,0.8793534677298029,0.9270229695240956,0.8292661560794914,1.2815526914329038,0.9615015015015016,0.604315021292386,1.341449842081516,1.1166691684178924,2.203846153846154,I
1.460837955329036,1.03071104387292,1.0738362458571857,0.5828061759856094,0.7762736231443482,0.8780676328502416,0.6513753022987255,0.6848284166164961,0.5920745920745921,0.7999196666164584,0.6691634174704153,0.8576697275327413,0.9959903889472895,1.4247098448930555,1.2223540835041535,0.7144554504977738,0.6854911384800241,1.0306137837430251,0.7055640533682284,0.8737100737100738,V
0.6515669515669517,1.0565487916384804,1.747776978961707,0.7551894563426689,0.7487644790974874,0.6513753022987255,1.0559645416330885,1.1654259510755662,0.6208608649947439,0.7089097177332471,0.8717682712137216,1.2035698147311342,1.5917343256653134,0.7617997058430271,0.9911564201687658,0.6278236914600551,0.8303459642783562,0.6349995694480324,1.670734397677794,0.6447963800904978,L
1.7177914110429449,2.5286975717439293,2.32363759195316,0.8585216220260363,1.8763200615889273,0.6848284166164961,1.1654259510755662,2.2348314606741573,1.3747002398081534,1.1289250884149609,0.7171520152765465,0.629049972542559,1.030393771522683,1.4901931351946363,0.9050498982921269,1.0304347826086957,1.030407429598562,0.9538579552086981,1.7188670762775362,0.823966446974236,M
0.8011774684428479,inf,8.268907563025211,inf,1.0992805755395683,0.5920745920745921,0.6208608649947439,1.3747002398081534,5.50599520383693,0.7625141638338998,0.9320309320309321,1.6040355608830286,0.961582259514534,0.5381895332390382,1.4247098448930555,6.886622675464907,0.961582259514534,1.805647217639118,1.0304484775761213,1.4142568369000483,H
1.2370614692653672,0.8362065724169048,3.105223543579708,1.202290076335878,0.7194854047547397,0.7999196666164584,0.7089097177332471,1.1289250884149609,0.7625141638338998,0.6863391252246854,1.003956043956044,1.0571137646949922,0.548441247002398,1.068802135468802,0.9921304668140111,1.1166691684178924,0.8772859881637075,2.818170407189838,1.0058565625738787,1.1454891358766397,T
2.5794245466806536,0.8712015257469803,0.6697471676625936,0.5720983590204001,0.576417004048583,0.6691634174704153,0.8717682712137216,0.7171520152765465,0.9320309320309321,1.003956043956044,1.3260557187895425,0.47864864864864864,0.6650461837627614,0.6126271494787464,0.7884823848238482,1.030475904518841,0.5920745920745921,0.9242793881302824,0.5889022314454263,0.6728388751782785,R
1.2885883410759778,0.4334283000949668,1.0593018593695183,1.030393771522683,0.8793534677298029,0.8576697275327413,1.2035698147311342,0.629049972542559,1.6040355608830286,1.0571137646949922,0.47864864864864864,0.44082732658866813,2.065485130669871,1.805647217639118,1.5296162588581361,2.0645258103241297,1.7199459702836561,1.2460767382489863,1.1071398775258212,3.5608632517149865,P
0.686620772223885,1.227460817735469,1.3260557187895425,inf,0.9270229695240956,0.9959903889472895,1.5917343256653134,1.030393771522683,0.961582259514534,0.548441247002398,0.6650461837627614,2.065485130669871,2.2348314606741573,1.0735592075641602,1.4799247554552297,0.7203689815509225,1.4901931351946363,1.6716046202069645,1.2460767382489863,0.7171520152765465,Q
0.27432675044883303,1.4438878056097195,1.4901931351946363,1.030380125710865,0.8292661560794914,1.4247098448930555,0.7617997058430271,1.4901931351946363,0.5381895332390382,1.068802135468802,0.6126271494787464,1.805647217639118,1.0735592075641602,0.6863391252246854,0.8446745562130178,0.772151424287856,0.557247191011236,0.5424976258309592,1.3753753753753755,0.8580969533243284,N
3.096701649175412,1.3122547910064886,1.6185664809516642,1.3744757339724385,1.2815526914329038,1.2223540835041535,0.9911564201687658,0.9050498982921269,1.4247098448930555,0.9921304668140111,0.7884823848238482,1.5296162588581361,1.4799247554552297,0.8446745562130178,0.9873343872327612,0.598940327671727,0.8712015257469803,0.8822085361126664,1.1293715318105562,0.6861510791366906,A
0.686620772223885,1.7194061187762448,3.4454791228597177,0.686620772223885,0.9615015015015016,0.7144554504977738,0.6278236914600551,1.0304347826086957,6.886622675464907,1.1166691684178924,1.030475904518841,2.0645258103241297,0.7203689815509225,0.772151424287856,0.598940327671727,2.5794245466806536,0.548441247002398,1.2767508684650684,0.657101775443861,0.6096456168398613,S
0.8585216220260363,1.4247098448930555,1.9510570083157999,0.5720983590204001,0.604315021292386,0.6854911384800241,0.8303459642783562,1.030407429598562,0.961582259514534,0.8772859881637075,0.5920745920745921,1.7199459702836561,1.4901931351946363,0.557247191011236,0.8712015257469803,0.548441247002398,0.6864330637915544,0.4061609686609687,0.9401936013125513,0.8402846814279259,K
1.8337330135891285,1.4452904002407463,1.826842501883949,1.259747391543108,1.341449842081516,1.0306137837430251,0.6349995694480324,0.9538579552086981,1.805647217639118,2.818170407189838,0.9242793881302824,1.2460767382489863,1.6716046202069645,0.5424976258309592,0.8822085361126664,1.2767508684650684,0.4061609686609687,1.3751500600240096,0.9363991370599963,1.0735592075641602,G
4.127022168963451,1.2990014360618507,2.1079786253915604,0.3432545617708645,1.1166691684178924,0.7055640533682284,1.670734397677794,1.7188670762775362,1.0304484775761213,1.0058565625738787,0.5889022314454263,1.1071398775258212,1.2460767382489863,1.3753753753753755,1.1293715318105562,0.657101775443861,0.9401936013125513,0.9363991370599963,0.5489820359281438,1.4740591340170794,E
1.3744757339724385,0.8828442921396444,0.6126271494787464,0.5149588631264025,2.203846153846154,0.8737100737100738,0.6447963800904978,0.823966446974236,1.4142568369000483,1.1454891358766397,0.6728388751782785,3.5608632517149865,0.7171520152765465,0.8580969533243284,0.6861510791366906,0.6096456168398613,0.8402846814279259,1.0735592075641602,1.4740591340170794,1.5462644108399461,D
