W,F,Y,C,I,V,L,M,H,T,R,P,Q,N,A,S,K,G,E,D,AA
50.94219438464118,26.02184419746764,-23.098576191964263,inf,7.870589715559011,9.213774515895084,36.89230235373538,23.45937701229844,-0.6549861243647133,-8.983171677271791,-7.798497190756761,-2.2922101931932923,6.1879623589037145,44.76063205735347,3.5612138505491866,26.31307377623955,45.09152469188071,6.905269340061134,4.357378492562399,-6.23868304052891,W
26.02184419746764,-18.138275076438497,-28.134667880376284,-0.5740490954593291,-8.749121365210875,-1.053188671045307,-2.200295982820909,-18.11120273533599,-31.208129577993127,-6.699258718367901,6.069174220558817,5.6804055707760375,1.5353767991999665,-11.19677564285709,1.7651931745612068,11.333394003596757,-13.848498671333326,-11.336565590122762,-21.811266502052455,-9.693253377039053,F
-23.098576191964263,-28.134667880376284,-33.639691705017185,-15.75091610048187,-0.5914796741206804,0.9697686835936936,-3.5911864057466,-4.614038719437177,-9.25826492441003,-27.993005182967483,-8.947527573299142,-8.247827049942536,-14.343060763571524,-12.604655145467447,-3.528276394345021,-18.01885315354603,-16.030565799449054,-24.4145863532669,-31.754267663191087,-9.148721677990366,Y
inf,-0.5740490954593291,-15.75091610048187,38.42430665176426,7.300534395586669,13.649553617699205,39.609035003592105,-9.712654515708962,-24.070058293698832,3.100234890146856,inf,-26.926981000700216,-23.666810752318888,-12.399249836554048,7.321608127430977,32.40493684013438,-14.704372732665371,-11.860702391068308,24.03193328426485,17.548644392870255,C
7.870589715559011,-8.749121365210875,-0.5914796741206804,7.300534395586669,9.453021348161291,10.538717177508628,12.793252086614675,-8.525879133182789,-4.797889968376704,5.657709229423143,9.288749276602475,-3.9866227080460592,-21.04673598729481,-21.731591208576504,-1.0412755505756288,4.52957674485148,-11.376842321079684,-0.980251104458108,-1.8967598876936105,-20.5240974778777,I
9.213774515895084,-1.053188671045307,0.9697686835936936,13.649553617699205,10.538717177508628,12.892663560445747,17.799939023186223,3.3939700935266868,12.435157824069613,33.40291627979953,22.171800161121205,0.3964979418509888,26.26687223125422,-3.2585095763913863,5.221916631395185,31.11679946179692,7.382430418705231,-0.6887544552708291,17.441687229195235,9.37728613656826,V
36.89230235373538,-2.200295982820909,-3.5911864057466,39.609035003592105,12.793252086614675,17.799939023186223,13.868184886569772,0.2980672847727834,0.0830101196498847,8.809085787256771,13.682592377900669,-0.8444278563310169,8.34436084943415,4.587349631602318,4.375854869623257,8.071486249132134,5.463814193217398,18.307785171941315,-0.3870385789031257,13.088797946005831,L
23.45937701229844,-18.11120273533599,-4.614038719437177,-9.712654515708962,-8.525879133182789,3.3939700935266868,0.2980672847727834,8.47476819271294,-4.817889714615625,-9.299830837479597,-1.0640462671493538,5.725762700946114,29.37706959583497,-45.366063786824135,10.428393233560511,-1.2497564198230866,2.230928985828505,-2.047536598484553,5.544049263501188,-1.0227831303727342,M
-0.6549861243647133,-31.208129577993127,-9.25826492441003,-24.070058293698832,-4.797889968376704,12.435157824069613,0.0830101196498847,-4.817889714615625,-39.90041516915462,1.7313194904554186,37.6096169183383,-11.198487047037965,-21.17739161750829,-24.057594683858568,-22.408444121850582,-15.671345817705756,-2.57353553766801,28.500482166950864,-4.503249250706254,-17.514502081292182,H
-8.983171677271791,-6.699258718367901,-27.993005182967483,3.100234890146856,5.657709229423143,33.40291627979953,8.809085787256771,-9.299830837479597,1.7313194904554186,22.70210888427713,7.447836226534882,-17.893546331298232,41.9891186988078,-9.27821159791077,2.1207863194221392,-5.8707763889781726,-11.555933082867774,-2.69648314894644,-2.711345219994461,-6.205107895300159,T
-7.798497190756761,6.069174220558817,-8.947527573299142,inf,9.288749276602475,22.171800161121205,13.682592377900669,-1.0640462671493538,37.6096169183383,7.447836226534882,-3.218034784840821,13.91503978813724,-0.5580924896292876,10.892793727603491,3.835447291299941,4.330460230129733,5.782392580127075,16.491361872592286,-4.46878556749764,2.205653589689321,R
-2.2922101931932923,5.6804055707760375,-8.247827049942536,-26.926981000700216,-3.9866227080460592,0.3964979418509888,-0.8444278563310169,5.725762700946114,-11.198487047037965,-17.893546331298232,13.91503978813724,25.67345325775991,-5.06004467460048,-3.578795339386663,-8.261605428291071,-8.24942610177321,-7.802392907317534,-7.197657932362256,-2.7325855765591864,-24.31752020648437,P
6.1879623589037145,1.5353767991999665,-14.343060763571524,-23.666810752318888,-21.04673598729481,26.26687223125422,8.34436084943415,29.37706959583497,-21.17739161750829,41.9891186988078,-0.5580924896292876,-5.06004467460048,1.0895269384571575,-15.988503376606255,-10.05114025160176,-2.197941764189608,-13.8422213788182,-14.04084365166299,-9.390027023981371,-0.6865024161616989,Q
44.76063205735347,-11.19677564285709,-12.604655145467447,-12.399249836554048,-21.731591208576504,-3.2585095763913863,4.587349631602318,-45.366063786824135,-24.057594683858568,-9.27821159791077,10.892793727603491,-3.578795339386663,-15.988503376606255,-15.428762430549106,-14.500765007690516,-0.9462554485615,-1.3434977042257998,8.045913339539275,-18.22930482205496,6.689655826167192,N
3.5612138505491866,1.7651931745612068,-3.528276394345021,7.321608127430977,-1.0412755505756288,5.221916631395185,4.375854869623257,10.428393233560511,-22.408444121850582,2.1207863194221392,3.835447291299941,-8.261605428291071,-10.05114025160176,-14.500765007690516,-4.47252448947406,-2.25133541540864,-11.701425507685215,-2.15116921535364,-15.100268347370156,17.405976225120412,A
26.31307377623955,11.333394003596757,-18.01885315354603,32.40493684013438,4.52957674485148,31.11679946179692,8.071486249132134,-1.2497564198230866,-15.671345817705756,-5.8707763889781726,4.330460230129733,-8.24942610177321,-2.197941764189608,-0.9462554485615,-2.25133541540864,-10.18090108067168,3.2693360475293325,8.18899181057835,-0.5046141449704838,23.681061747069737,S
45.09152469188071,-13.848498671333326,-16.030565799449054,-14.704372732665371,-11.376842321079684,7.382430418705231,5.463814193217398,2.230928985828505,-2.57353553766801,-11.555933082867774,5.782392580127075,-7.802392907317534,-13.8422213788182,-1.3434977042257998,-11.701425507685215,3.2693360475293325,-25.07413366554066,-7.689251992935627,-11.399465637996784,-13.576271691696467,K
6.905269340061134,-11.336565590122762,-24.4145863532669,-11.860702391068308,-0.980251104458108,-0.6887544552708291,18.307785171941315,-2.047536598484553,28.500482166950864,-2.69648314894644,16.491361872592286,-7.197657932362256,-14.04084365166299,8.045913339539275,-2.15116921535364,8.18899181057835,-7.689251992935627,10.65930150823932,-6.004200297884641,16.009704528092623,G
4.357378492562399,-21.811266502052455,-31.754267663191087,24.03193328426485,-1.8967598876936105,17.441687229195235,-0.3870385789031257,5.544049263501188,-4.503249250706254,-2.711345219994461,-4.46878556749764,-2.7325855765591864,-9.390027023981371,-18.22930482205496,-15.100268347370156,-0.5046141449704838,-11.399465637996784,-6.004200297884641,-13.457123610954593,-24.627289338540752,E
-6.23868304052891,-9.693253377039053,-9.148721677990366,17.548644392870255,-20.5240974778777,9.37728613656826,13.088797946005831,-1.0227831303727342,-17.514502081292182,-6.205107895300159,2.205653589689321,-24.31752020648437,-0.6865024161616989,6.689655826167192,17.405976225120412,23.681061747069737,-13.576271691696467,16.009704528092623,-24.627289338540752,24.586029192780924,D
