W|F|Y|C|I|V|L|M|H|T|R|P|Q|N|A|S|K|G|E|D|AA
19.892849339051594|-22.726900778166957|-67.56878156462044|inf|-26.698272498509564|-20.489035309330543|-2.455141112695779|-17.999845368430044|-26.367143529170136|-25.786594008578806|-31.151233120018283|-28.69085432599206|-7.351348113044412|35.839758391677066|-6.840764115643867|16.731952359945105|42.65670593197868|3.6016145618694795|2.072722196454669|-8.625563334230039|W
-22.726900778166957|-39.47466190240272|-70.59612050716055|-34.778108735652744|-49.3258206844241|-36.232393912096256|-42.964101037726564|-62.15173185612777|-46.81015839955538|-19.559412190559293|-5.750343815214526|-4.418066062159713|0.9513558640380662|-12.587326138114799|-9.194764792287613|7.425530431460127|-8.403272470049043|-10.447272359431201|-13.032894429799391|5.956223628796861|F
-67.56878156462044|-70.59612050716055|-44.32136732699704|-37.023116294876544|-32.07772003652526|-25.288641814957536|-32.35180647061064|-39.46442215634021|-34.92225067913034|-41.85298954986696|-29.95104665811507|-29.99089476109789|-22.121245937894642|-24.159906532633663|-10.21632670980991|-24.36208894236157|-24.40106642090497|-26.295050796046326|-38.453605816684046|-15.477336554318056|Y
inf|-34.778108735652744|-37.023116294876544|-4.212170076548921|-21.140354550424828|-11.454906735321783|15.596650496219086|-39.742054626716914|-38.41835148665016|-3.5955338838436166|inf|-31.051060982670997|-11.484431465762936|-6.3144491322008385|7.992559156131581|34.7837439688625|0.5024984080993717|-8.449593395613329|44.42831867400125|39.529227841081465|C
-26.698272498509564|-49.3258206844241|-32.07772003652526|-21.140354550424828|-5.1753936195472345|-27.01500597607467|-26.66799857989351|-44.18710865520292|-6.545615273849598|-3.4648388562588064|7.319697080843287|-1.614259355816285|-12.933163156504989|-8.91116259128524|-10.47036518885711|10.381454449856808|-0.16369953144587718|10.513673179237975|15.679459776885862|3.2082975501566255|I
-20.489035309330543|-36.232393912096256|-25.288641814957536|-11.454906735321783|-27.01500597607467|7.501219513178165|-14.91409087880803|-26.583536235340638|10.394899256111344|26.312093236912627|23.372052882881313|6.140672939745237|37.32881927699413|9.071708730291181|-2.25724305582766|40.02413775547739|18.23676585554385|10.508119693532707|37.1748387997858|32.27574796686791|V
-2.455141112695779|-42.964101037726564|-32.35180647061064|15.596650496219086|-26.66799857989351|-14.91409087880803|2.942483811018101|-33.51023746939767|-1.01114822375148|5.936309283771621|10.174846472148227|2.464335677189539|16.231770496326106|19.282822922895367|-1.7922436843577583|19.363569515053676|22.148916334828495|34.75680456505101|21.62952280410008|41.718179292842954|L
-17.999845368430044|-62.15173185612777|-39.46442215634021|-39.742054626716914|-44.18710865520292|-26.583536235340638|-33.51023746939767|-5.3905520958990065|-18.674782386479052|-19.75415904784034|-8.846068409506262|-1.809940559415282|32.562942503033085|-41.855076897810825|3.813843687722401|-0.7568837967486782|10.555066207461834|1.6029744037496005|18.578692209196994|13.679601376279004|M
-26.367143529170136|-46.81015839955538|-34.92225067913034|-38.41835148665016|-6.545615273849598|10.394899256111344|-1.01114822375148|-18.674782386479052|-36.98526769056434|-2.1577261579990044|33.97496952764453|-9.20125499123461|-13.82547982886278|-21.82270942202583|-4.039490507772276|-14.04598422450054|11.878769347531701|39.7243560732785|-4.4014095193630105|-20.21494729478694|H
-25.786594008578806|-19.559412190559293|-41.85298954986696|-3.5955338838436166|-3.4648388562588064|26.312093236912627|5.936309283771621|-19.75415904784034|-2.1577261579990044|52.29243729451066|8.591787997655267|-8.260293043766996|51.10033734034186|-5.708556154934483|16.76545677853052|3.167707472736526|1.108391385365378|12.568297847245713|14.931212084869127|10.032121251951443|T
-31.151233120018283|-5.750343815214526|-29.95104665811507|inf|7.319697080843287|23.372052882881313|10.174846472148227|-8.846068409506262|33.97496952764453|8.591787997655267|22.974060843694293|14.042132825249343|2.9305298868476526|11.672067447063567|20.179881037628245|9.404704454270291|25.18369395042526|28.725475807543088|-19.351143913465798|-12.381256013253784|R
-28.69085432599206|-4.418066062159713|-29.99089476109789|-31.051060982670997|-1.614259355816285|6.140672939745237|2.464335677189539|-1.809940559415282|-9.20125499123461|-8.260293043766996|14.042132825249343|62.50881144053175|7.259129977646593|9.43278997346509|14.464392938108562|7.9341098473006575|20.028593602705865|13.096840407822155|23.377879250207982|-1.150676097106533|P
-7.351348113044412|0.9513558640380662|-22.121245937894642|-11.484431465762936|-12.933163156504989|37.32881927699413|16.231770496326106|32.562942503033085|-13.82547982886278|51.10033734034186|2.9305298868476526|7.259129977646593|43.208899058842846|-3.9064524360518007|17.095234815342565|16.106404133522567|5.713367464273271|12.251471659134618|16.7333158037519|24.32809863166445|Q
35.839758391677066|-12.587326138114799|-24.159906532633663|-6.3144491322008385|-8.91116259128524|9.071708730291181|19.282822922895367|-41.855076897810825|-21.82270942202583|-5.708556154934483|11.672067447063567|9.43278997346509|-3.9064524360518007|11.981707409043404|12.574215848099904|8.366916829139527|14.662205886775556|25.339578597459838|4.74893500681873|19.807079664421444|N
-6.840764115643867|-9.194764792287613|-10.21632670980991|7.992559156131581|-10.47036518885711|-2.25724305582766|-1.7922436843577583|3.813843687722401|-4.039490507772276|16.76545677853052|20.179881037628245|14.464392938108562|17.095234815342565|12.574215848099904|41.4928687975816|23.569409382765162|21.239503957801592|26.711801334457668|24.995308469168588|58.41789282138431|A
16.731952359945105|7.425530431460127|-24.36208894236157|34.7837439688625|10.381454449856808|40.02413775547739|19.363569515053676|-0.7568837967486782|-14.04598422450054|3.167707472736526|9.404704454270291|7.9341098473006575|16.106404133522567|8.366916829139527|23.569409382765162|33.97272511282982|25.657399421441145|30.53557743435692|23.207490371174654|43.29614685991691|S
42.65670593197868|-8.403272470049043|-24.40106642090497|0.5024984080993717|-0.16369953144587718|18.23676585554385|22.148916334828495|10.555066207461834|11.878769347531701|1.108391385365378|25.18369395042526|20.028593602705865|5.713367464273271|14.662205886775556|21.239503957801592|25.657399421441145|35.30701337503582|18.893969610301326|-9.694926741025423|-15.972846022506015|K
3.6016145618694795|-10.447272359431201|-26.295050796046326|-8.449593395613329|10.513673179237975|10.508119693532707|34.75680456505101|1.6029744037496005|39.7243560732785|12.568297847245713|28.725475807543088|13.096840407822155|12.251471659134618|25.339578597459838|26.711801334457668|30.53557743435692|18.893969610301326|60.000632120630904|30.48915083868963|44.29872434148642|G
2.072722196454669|-13.032894429799391|-38.453605816684046|44.42831867400125|15.679459776885862|37.1748387997858|21.62952280410008|18.578692209196994|-4.4014095193630105|14.931212084869127|-19.351143913465798|23.377879250207982|16.7333158037519|4.74893500681873|24.995308469168588|23.207490371174654|-9.694926741025423|30.48915083868963|62.95331172356937|22.83772199865754|E
-8.625563334230039|5.956223628796861|-15.477336554318056|39.529227841081465|3.2082975501566255|32.27574796686791|41.718179292842954|13.679601376279004|-20.21494729478694|10.032121251951443|-12.381256013253784|-1.150676097106533|24.32809863166445|19.807079664421444|58.41789282138431|43.29614685991691|-15.972846022506015|44.29872434148642|22.83772199865754|95.75179395636044|D
