W,F,Y,C,I,V,L,M,H,T,R,P,Q,N,A,S,K,G,E,D,AA
0.0002444390124663,0.0017110730872647,0.0039110241994622,0.0,0.0029332681495966,0.003177707162063,0.0029332681495966,0.0009777560498655,0.0012221950623319,0.0026888291371302,0.003177707162063,0.0024443901246638,0.0014666340747983,0.0004888780249327,0.003177707162063,0.0009777560498655,0.0004888780249327,0.0019555120997311,0.0017110730872647,0.0019555120997311,W
0.0017110730872647,0.0065998533365925,0.0109997555609875,0.0017110730872647,0.0129552676607186,0.011977511610853,0.0195551209973111,0.0070887313615252,0.0051332192617941,0.0061109753116597,0.0046443412368614,0.0036665851869958,0.003177707162063,0.0039110241994622,0.00879980444879,0.003177707162063,0.0041554632119286,0.0070887313615252,0.0063554143241261,0.0036665851869958,F
0.0039110241994622,0.0109997555609875,0.0048887802493277,0.0014666340747983,0.0070887313615252,0.007577609386458,0.0124663896357858,0.0034221461745294,0.003177707162063,0.0083109264238572,0.0065998533365925,0.0053776582742605,0.004399902224395,0.0041554632119286,0.0073331703739916,0.0053776582742605,0.0048887802493277,0.0083109264238572,0.0092886824737228,0.0048887802493277,Y
0.0,0.0017110730872647,0.0014666340747983,0.0002444390124663,0.0019555120997311,0.0019555120997311,0.0014666340747983,0.0012221950623319,0.0012221950623319,0.0012221950623319,0.0,0.0019555120997311,0.0012221950623319,0.0009777560498655,0.0017110730872647,0.0004888780249327,0.0009777560498655,0.0019555120997311,0.0004888780249327,0.0004888780249327,C
0.0029332681495966,0.0129552676607186,0.0070887313615252,0.0019555120997311,0.0073331703739916,0.0151552187729161,0.0210217550721095,0.0073331703739916,0.003177707162063,0.0065998533365925,0.0053776582742605,0.0053776582742605,0.0068442923490589,0.0056220972867269,0.0141774627230505,0.0046443412368614,0.0053776582742605,0.0068442923490589,0.0051332192617941,0.0061109753116597,I
0.003177707162063,0.011977511610853,0.007577609386458,0.0019555120997311,0.0151552187729161,0.0085553654363236,0.0200439990222439,0.0061109753116597,0.0026888291371302,0.0041554632119286,0.0046443412368614,0.0056220972867269,0.0026888291371302,0.0046443412368614,0.0146663407479833,0.0029332681495966,0.004399902224395,0.0085553654363236,0.0039110241994622,0.0039110241994622,V
0.0029332681495966,0.0195551209973111,0.0124663896357858,0.0014666340747983,0.0210217550721095,0.0200439990222439,0.0185773649474456,0.0100219995111219,0.0048887802493277,0.0092886824737228,0.00879980444879,0.0085553654363236,0.0061109753116597,0.0051332192617941,0.0202884380347103,0.0065998533365925,0.0056220972867269,0.0068442923490589,0.0078220483989244,0.004399902224395,L
0.0009777560498655,0.0070887313615252,0.0034221461745294,0.0012221950623319,0.0073331703739916,0.0061109753116597,0.0100219995111219,0.0012221950623319,0.0017110730872647,0.0039110241994622,0.003177707162063,0.0021999511121975,0.0009777560498655,0.0048887802493277,0.0041554632119286,0.0024443901246638,0.0017110730872647,0.0034221461745294,0.0019555120997311,0.0019555120997311,M
0.0012221950623319,0.0051332192617941,0.003177707162063,0.0012221950623319,0.003177707162063,0.0026888291371302,0.0048887802493277,0.0017110730872647,0.0026888291371302,0.0026888291371302,0.0012221950623319,0.0026888291371302,0.0029332681495966,0.003177707162063,0.0051332192617941,0.0034221461745294,0.0017110730872647,0.0014666340747983,0.0034221461745294,0.004399902224395,H
0.0026888291371302,0.0061109753116597,0.0083109264238572,0.0012221950623319,0.0065998533365925,0.0041554632119286,0.0092886824737228,0.0039110241994622,0.0026888291371302,0.0017110730872647,0.0048887802493277,0.0058665362991933,0.0014666340747983,0.0048887802493277,0.0070887313615252,0.0051332192617941,0.0048887802493277,0.0061109753116597,0.0048887802493277,0.0048887802493277,T
0.003177707162063,0.0046443412368614,0.0065998533365925,0.0,0.0053776582742605,0.0046443412368614,0.00879980444879,0.003177707162063,0.0012221950623319,0.0048887802493277,0.0036665851869958,0.0036665851869958,0.0046443412368614,0.0034221461745294,0.0068442923490589,0.0046443412368614,0.0029332681495966,0.004399902224395,0.0112441945734539,0.0085553654363236,R
0.0024443901246638,0.0036665851869958,0.0053776582742605,0.0019555120997311,0.0053776582742605,0.0056220972867269,0.0085553654363236,0.0021999511121975,0.0026888291371302,0.0058665362991933,0.0036665851869958,0.0009777560498655,0.0034221461745294,0.0029332681495966,0.0063554143241261,0.0039110241994622,0.0026888291371302,0.0051332192617941,0.0034221461745294,0.0053776582742605,P
0.0014666340747983,0.003177707162063,0.004399902224395,0.0012221950623319,0.0068442923490589,0.0026888291371302,0.0061109753116597,0.0009777560498655,0.0029332681495966,0.0014666340747983,0.0046443412368614,0.0034221461745294,0.0014666340747983,0.0039110241994622,0.0058665362991933,0.003177707162063,0.0036665851869958,0.0051332192617941,0.0039110241994622,0.0029332681495966,Q
0.0004888780249327,0.0039110241994622,0.0041554632119286,0.0009777560498655,0.0056220972867269,0.0046443412368614,0.0051332192617941,0.0048887802493277,0.003177707162063,0.0048887802493277,0.0034221461745294,0.0029332681495966,0.0039110241994622,0.0024443901246638,0.0058665362991933,0.0034221461745294,0.0026888291371302,0.0034221461745294,0.0046443412368614,0.0029332681495966,N
0.003177707162063,0.00879980444879,0.0073331703739916,0.0017110730872647,0.0141774627230505,0.0146663407479833,0.0202884380347103,0.0041554632119286,0.0051332192617941,0.0070887313615252,0.0068442923490589,0.0063554143241261,0.0058665362991933,0.0058665362991933,0.0073331703739916,0.0058665362991933,0.0056220972867269,0.0080664874113908,0.0070887313615252,0.0029332681495966,A
0.0009777560498655,0.003177707162063,0.0053776582742605,0.0004888780249327,0.0046443412368614,0.0029332681495966,0.0065998533365925,0.0024443901246638,0.0034221461745294,0.0051332192617941,0.0046443412368614,0.0039110241994622,0.003177707162063,0.0034221461745294,0.0058665362991933,0.0024443901246638,0.0026888291371302,0.0039110241994622,0.0039110241994622,0.0021999511121975,S
0.0004888780249327,0.0041554632119286,0.0048887802493277,0.0009777560498655,0.0053776582742605,0.004399902224395,0.0056220972867269,0.0017110730872647,0.0017110730872647,0.0048887802493277,0.0029332681495966,0.0026888291371302,0.0036665851869958,0.0026888291371302,0.0056220972867269,0.0026888291371302,0.0019555120997311,0.0046443412368614,0.007577609386458,0.0078220483989244,K
0.0019555120997311,0.0070887313615252,0.0083109264238572,0.0019555120997311,0.0068442923490589,0.0085553654363236,0.0068442923490589,0.0034221461745294,0.0014666340747983,0.0061109753116597,0.004399902224395,0.0051332192617941,0.0051332192617941,0.0034221461745294,0.0080664874113908,0.0039110241994622,0.0046443412368614,0.0029332681495966,0.0048887802493277,0.003177707162063,G
0.0017110730872647,0.0063554143241261,0.0092886824737228,0.0004888780249327,0.0051332192617941,0.0039110241994622,0.0078220483989244,0.0019555120997311,0.0034221461745294,0.0048887802493277,0.0112441945734539,0.0034221461745294,0.0039110241994622,0.0046443412368614,0.0070887313615252,0.0039110241994622,0.007577609386458,0.0048887802493277,0.0019555120997311,0.004399902224395,E
0.0019555120997311,0.0036665851869958,0.0048887802493277,0.0004888780249327,0.0061109753116597,0.0039110241994622,0.004399902224395,0.0019555120997311,0.004399902224395,0.0048887802493277,0.0085553654363236,0.0053776582742605,0.0029332681495966,0.0029332681495966,0.0029332681495966,0.0021999511121975,0.0078220483989244,0.003177707162063,0.004399902224395,0.0007333170373991,D
