W,F,Y,C,I,V,L,M,H,T,R,P,Q,N,A,S,K,G,E,D,AA
0.31118593955321944,0.9965097135330917,1.0678994918125353,0.9965165954650017,0.6997900197628458,0.514484120230112,0.853582026282323,1.1326255980861244,0.8300976198310848,1.402544466403162,1.0542061761573958,0.5924968671679198,0.9058025171145855,0.9965165954650017,0.6419747841142044,0.6225764048636214,1.0677655677655677,0.8300976198310848,0.7114201155634895,0.2926291778624036,W
0.9965097135330917,0.14016969967623089,0.317154564271533,0.6791285637439484,0.7015136022581621,0.7451292246520874,0.6958737747819536,0.8635659019221956,0.9055540568893684,0.6346360250015783,1.1218037661050546,1.7228840125391849,0.7659380461487804,0.6219552337063858,0.8290852918459671,1.0571768493246554,0.32669667590027696,0.6595027192935221,0.7858816179915664,0.7374724082001,F
1.0678994918125353,0.317154564271533,0.40281742749659827,0.5533282214189215,1.4280972926840834,0.9578451349974529,0.6742504448899601,1.7833569071192834,0.5740754802946313,0.3816519338415946,1.1244663318669625,1.4848146194490885,1.3969515011547344,0.6219552337063858,0.8710648148148148,0.20121008582547045,1.0777261249364254,0.8962537165510406,0.9053042824943651,1.1875639512003147,Y
0.9965165954650017,0.6791285637439484,0.5533282214189215,0.0,0.7662459211291832,1.2462956865327626,0.23676509710029264,0.3556880045053501,0.0,1.1073842668712777,2.4932587964485364,0.24888304862023652,0.415024091108191,0.8303209551977216,0.5333896872358411,1.9943439658007234,1.1073842668712777,1.5867197318810222,2.492277357870523,3.7396449704142016,C
0.6997900197628458,0.7015136022581621,1.4280972926840834,0.7662459211291832,1.015081902941645,1.2128628620516395,1.0940579674047506,0.6210821511052458,0.9340415019762845,0.9870283018867924,1.646341463414634,0.9686938670772389,0.7858816179915664,0.9250188465887674,0.6447035442199405,1.0903579676674364,1.4564043209876543,0.8295929592959296,0.7724887556221889,0.5200156264362533,I
0.514484120230112,0.7451292246520874,0.9578451349974529,1.2462956865327626,1.2128628620516395,0.8427419354838709,0.9755850898793884,1.5107266382677156,1.0381658429434377,1.5700770284958179,1.5423486088379705,1.1637345679012345,1.3509509674582234,1.2900307272106522,0.9362348672717722,1.6324560512143076,1.7490740740740738,1.1166555283285067,1.211237969428194,1.2003689045245773,V
0.853582026282323,0.6958737747819536,0.6742504448899601,0.23676509710029264,1.0940579674047506,0.9755850898793884,0.9834881739624327,0.5362219267798667,1.0331620324129265,1.2113018514178582,1.4243693593726885,0.9664858878841962,0.9276790689838394,1.4357875579086699,0.9211489546497922,1.113918439716312,1.2479284057010274,1.1462834471801593,0.522602252416402,1.2473544973544972,L
1.1326255980861244,0.8635659019221956,1.7833569071192834,0.3556880045053501,0.6210821511052458,1.5107266382677156,0.5362219267798667,1.2460526315789473,1.2462146148782094,0.6968663594470046,3.1999411721450106,2.0565140605895937,1.4957551826258637,0.8300416940969937,1.0382288228822882,0.934106614017769,1.1629800307219662,1.6639172990212252,0.8895676691729323,1.2462956865327626,M
0.8300976198310848,0.9055540568893684,0.5740754802946313,0.0,0.9340415019762845,1.0381658429434377,1.0331620324129265,1.2462146148782094,0.35547626871977844,1.5588962108731468,2.318978514888805,1.371555702043507,1.1728292238858005,1.5757197147170598,1.0150272223442955,0.7922077922077922,1.4670026165326098,2.331331793687452,1.0150272223442955,1.3764870618503888,H
1.402544466403162,0.6346360250015783,0.3816519338415946,1.1073842668712777,0.9870283018867924,1.5700770284958179,1.2113018514178582,0.6968663594470046,1.5588962108731468,1.7473441108545034,1.36705430021115,0.9833246482542991,0.9965120105297794,1.133063306330633,0.5047528039028315,0.45767644918748485,1.3253178665785998,0.7701344389998743,1.1396123190114609,0.639553924336533,T
1.0542061761573958,1.1218037661050546,1.1244663318669625,2.4932587964485364,1.646341463414634,1.5423486088379705,1.4243693593726885,3.1999411721450106,2.318978514888805,1.36705430021115,1.2873406532550933,1.208999869944076,0.9202515651025214,1.6656742750027567,0.9192269498128486,1.133063306330633,1.6639172990212252,1.274313845633755,1.4513800327928583,1.3108009294616596,R
0.5924968671679198,1.7228840125391849,1.4848146194490885,0.24888304862023652,0.9686938670772389,1.1637345679012345,0.9664858878841962,2.0565140605895937,1.371555702043507,0.9833246482542991,1.208999869944076,2.0414121451670857,0.8965612648221344,0.532929065011987,0.8295929592959296,0.8558627224785761,0.6699751861042184,1.049225903980817,1.1076675092501007,0.6218307540335857,P
0.9058025171145855,0.7659380461487804,1.3969515011547344,0.415024091108191,0.7858816179915664,1.3509509674582234,0.9276790689838394,1.4957551826258637,1.1728292238858005,0.9965120105297794,0.9202515651025214,0.8965612648221344,0.6224523339907956,0.6699751861042184,0.893823651329425,1.7473441108545034,0.996507413509061,1.2467018469656992,0.8965612648221344,0.7374724082001,Q
0.9965165954650017,0.6219552337063858,0.6219552337063858,0.8303209551977216,0.9250188465887674,1.2900307272106522,1.4357875579086699,0.8300416940969937,1.5757197147170598,1.133063306330633,1.6656742750027567,0.532929065011987,0.6699751861042184,1.0381030701754386,0.9174668773550504,0.9747808901873173,1.8395526923544427,1.0121413258575198,0.514484120230112,1.2467018469656992,N
0.6419747841142044,0.8290852918459671,0.8710648148148148,0.5333896872358411,0.6447035442199405,0.9362348672717722,0.9211489546497922,1.0382288228822882,1.0150272223442955,0.5047528039028315,0.9192269498128486,0.8295929592959296,0.893823651329425,0.9174668773550504,0.7216343233479331,1.4168543543543544,1.1774365184206665,1.0283968727161839,1.5469013706840802,1.3362800565770863,A
0.6225764048636214,1.0571768493246554,0.20121008582547045,1.9943439658007234,1.0903579676674364,1.6324560512143076,1.113918439716312,0.934106614017769,0.7922077922077922,0.45767644918748485,1.133063306330633,0.8558627224785761,1.7473441108545034,0.9747808901873173,1.4168543543543544,0.6639044174065549,1.2967414248021107,1.0679666525363856,1.2900307272106522,0.996507413509061,S
1.0677655677655677,0.32669667590027696,1.0777261249364254,1.1073842668712777,1.4564043209876543,1.7490740740740738,1.2479284057010274,1.1629800307219662,1.4670026165326098,1.3253178665785998,1.6639172990212252,0.6699751861042184,0.996507413509061,1.8395526923544427,1.1774365184206665,1.2967414248021107,0.7781661184210527,1.6924283154121862,0.9097183385022116,1.3987935034802783,K
0.8300976198310848,0.6595027192935221,0.8962537165510406,1.5867197318810222,0.8295929592959296,1.1166555283285067,1.1462834471801593,1.6639172990212252,2.331331793687452,0.7701344389998743,1.274313845633755,1.049225903980817,1.2467018469656992,1.0121413258575198,1.0283968727161839,1.0679666525363856,1.6924283154121862,1.1728292238858005,0.9339762611275964,1.5188271914850888,G
0.7114201155634895,0.7858816179915664,0.9053042824943651,2.492277357870523,0.7724887556221889,1.211237969428194,0.522602252416402,0.8895676691729323,1.0150272223442955,1.1396123190114609,1.4513800327928583,1.1076675092501007,0.8965612648221344,0.514484120230112,1.5469013706840802,1.2900307272106522,0.9097183385022116,0.9339762611275964,1.3295576775326527,0.9580534786465593,E
0.2926291778624036,0.7374724082001,1.1875639512003147,3.7396449704142016,0.5200156264362533,1.2003689045245773,1.2473544973544972,1.2462956865327626,1.3764870618503888,0.639553924336533,1.3108009294616596,0.6218307540335857,0.7374724082001,1.2467018469656992,1.3362800565770863,0.996507413509061,1.3987935034802783,1.5188271914850888,0.9580534786465593,1.7807800751879697,D
