W,F,Y,C,I,V,L,M,H,T,R,P,Q,N,A,S,K,G,E,D,AA
38.13803133044668,7.419683661112439,-10.963694808157417,-2.075296037141496,7.564662266682773,30.05406516489267,24.19551396422881,0.9457273804106949,-21.43067243019808,-13.12586682212864,-13.409345118149474,15.01601746922814,10.989293477831922,31.9674303173058,11.858140054178776,43.64122018786616,14.675378553724261,6.5889422528466595,15.862108838015871,41.18818850610917,W
7.419683661112439,64.60813158757858,24.47015833274979,23.429999625865804,9.446927988019766,12.12972343669407,12.134888739060688,-7.7802998588510555,-19.79122966612714,12.408966905180524,-4.431847316410216,-19.742008933159926,9.825452743038419,11.91269870082539,6.60630279618527,-4.729901780708017,26.535197455098334,10.736650829797805,-1.0604030822322363,4.795975864246566,F
-10.963694808157417,24.47015833274979,5.836271394346704,19.152798998115212,-17.84495040231537,-2.5324832882127244,9.7259338097452,-20.515198261057137,11.522721171352307,22.097287465143438,-14.903546389281882,-21.193377468887295,-16.31541061479761,13.14147955978567,-0.868227372403303,55.79877415707919,-19.24555234967835,-9.669436822764602,-16.794706143209694,-22.08680248927365,Y
-2.075296037141496,23.429999625865804,19.152798998115212,inf,24.622817610912566,0.8275302905155139,74.62725894181851,47.3883257695917,inf,-0.03302542868372921,-4.173143650399775,50.58924374949463,33.42249661084622,4.88292576893783,31.340305572879686,-10.534570709038622,-27.55540099640762,-18.921000010436874,11.216119885766581,-12.895693607423084,C
7.564662266682773,9.446927988019766,-17.84495040231537,24.622817610912566,10.1814801814906,7.1847748338489055,8.511744322024011,11.811588352610359,-1.6568289979021524,3.775129865609122,-12.526171535907032,2.832076449116163,2.938704552053613,-9.814882415145805,21.21288377365026,4.992232253228885,-22.3011748219896,13.379327562266088,22.162079412921294,11.058642236640011,I
30.05406516489267,12.12972343669407,-2.5324832882127244,0.8275302905155139,7.1847748338489055,22.455645903122836,14.11507522424475,-11.218079477862752,3.7631157366666486,9.457596789759942,-9.09507929402868,-8.530311595702047,6.216109481239906,-5.8434348586249305,9.070039949451205,3.1842551580542016,-12.209933795131809,-6.881034590378414,1.995977031100342,5.5962229906722145,V
24.19551396422881,12.134888739060688,9.7259338097452,74.62725894181851,8.511744322024011,14.11507522424475,10.117517989011498,28.551907658368652,-5.712997403071106,2.135549081117932,-4.851614330911308,-0.765657295183457,7.48975941201228,-12.268527598401235,5.765646376181435,6.207713246180732,-16.026837140884208,-2.980699157219942,29.552132908107566,-6.4715845335666335,L
0.9457273804106949,-7.7802998588510555,-20.515198261057137,47.3883257695917,11.811588352610359,-11.218079477862752,28.551907658368652,-4.356256671826751,-17.67550172116423,13.81552165518896,-38.86112144336955,-26.378000057907293,-1.058334795977429,-12.622274283914514,3.0555324340822145,8.12851044242969,-10.614943483687654,-14.929881425580865,13.157055957319022,-13.878222456084652,M
-21.43067243019808,-19.79122966612714,11.522721171352307,inf,-1.6568289979021524,3.7631157366666486,-5.712997403071106,-17.67550172116423,21.32972151468855,-6.974796437935063,-16.771373592518373,-24.08955105618738,-16.428435942306564,-33.497709516372375,-7.173896256517759,1.611208824612398,-30.96071802942575,-21.19860153296773,-6.8769141942193786,-25.32441435700975,H
-13.12586682212864,12.408966905180524,22.097287465143438,-0.03302542868372921,3.775129865609122,9.457596789759942,2.135549081117932,13.81552165518896,-6.974796437935063,-20.2997283297957,-11.522679234006853,-10.351159602769709,29.247057807632586,-9.651207867497073,27.771230198240985,29.1123610512517,-17.402166727092382,12.943292479579283,-5.873437915231402,15.70530971612533,T
-13.409345118149474,-4.431847316410216,-14.903546389281882,-4.173143650399775,-12.526171535907032,-9.09507929402868,-4.851614330911308,-38.86112144336955,-16.771373592518373,-11.522679234006853,-18.9258103479112,-1.7209175019847156,-8.595401710898297,-21.684392746723038,-2.3118405385234677,1.7814332445920924,-13.790863804848616,-8.890139909787893,-22.06495831577024,-19.783584375926377,R
15.01601746922814,-19.742008933159926,-21.193377468887295,50.58924374949463,2.832076449116163,-8.530311595702047,-0.765657295183457,-26.378000057907293,-24.08955105618738,-10.351159602769709,-1.7209175019847156,-22.420810111125782,1.3082149904432245,13.731798553108765,2.816718153976892,-4.817389977629149,-0.9994179837946262,-8.251450359831333,-8.893830086654912,6.810900040081738,P
10.989293477831922,9.825452743038419,-16.31541061479761,33.42249661084622,2.938704552053613,6.216109481239906,7.48975941201228,-1.058334795977429,-16.428435942306564,29.247057807632586,-8.595401710898297,1.3082149904432245,18.390861946624963,7.107220347662574,0.5354390550913088,-18.309370403236738,-9.08424186058502,-6.061628415921443,2.781992930435634,4.109728454581977,Q
31.9674303173058,11.91269870082539,13.14147955978567,4.88292576893783,-9.814882415145805,-5.8434348586249305,-12.268527598401235,-12.622274283914514,-33.497709516372375,-9.651207867497073,-21.684392746723038,13.731798553108765,7.107220347662574,1.8531275273715224,-3.933958257530326,5.435188670402299,-24.72802200415281,-1.5664053540634566,19.053815897080224,-9.647723496904264,N
11.858140054178776,6.60630279618527,-0.868227372403303,31.340305572879686,21.21288377365026,9.070039949451205,5.765646376181435,3.0555324340822145,-7.173896256517759,27.771230198240985,-2.3118405385234677,2.816718153976892,0.5354390550913088,-3.933958257530326,4.918909254448698,-9.334324347924374,-11.453997810597008,-4.659066947136262,-23.336448457782303,-5.1330989172117425,A
43.64122018786616,-4.729901780708017,55.79877415707919,-10.534570709038622,4.992232253228885,3.1842551580542016,6.207713246180732,8.12851044242969,1.611208824612398,29.1123610512517,1.7814332445920924,-4.817389977629149,-18.309370403236738,5.435188670402299,-9.334324347924374,16.8158493307335,-16.8696716745343,7.892743945432189,-10.572210038595479,6.303367088468128,S
14.675378553724261,26.535197455098334,-19.24555234967835,-27.55540099640762,-22.3011748219896,-12.209933795131809,-16.026837140884208,-10.614943483687654,-30.96071802942575,-17.402166727092382,-13.790863804848616,-0.9994179837946262,-9.08424186058502,-24.72802200415281,-11.453997810597008,-16.8696716745343,-17.510022397408058,-24.991288614811825,-2.980854114582957,-20.753271218164006,K
6.5889422528466595,10.736650829797805,-9.669436822764602,-18.921000010436874,13.379327562266088,-6.881034590378414,-2.980699157219942,-14.929881425580865,-21.19860153296773,12.943292479579283,-8.890139909787893,-8.251450359831333,-6.061628415921443,-1.5664053540634566,-4.659066947136262,7.892743945432189,-24.991288614811825,15.49309266426826,3.37026499811367,-0.03313434598351665,G
15.862108838015871,-1.0604030822322363,-16.794706143209694,11.216119885766581,22.162079412921294,1.995977031100342,29.552132908107566,13.157055957319022,-6.8769141942193786,-5.873437915231402,-22.06495831577024,-8.893830086654912,2.781992930435634,19.053815897080224,-23.336448457782303,-10.572210038595479,-2.980854114582957,3.37026499811367,-26.33324971900129,-11.958600452940331,E
41.18818850610917,4.795975864246566,-22.08680248927365,-12.895693607423084,11.058642236640011,5.5962229906722145,-6.4715845335666335,-13.878222456084652,-25.32441435700975,15.70530971612533,-19.783584375926377,6.810900040081738,4.109728454581977,-9.647723496904264,-5.1330989172117425,6.303367088468128,-20.753271218164006,-0.03313434598351665,-11.958600452940331,-10.438302518226413,D
