W,F,Y,C,I,V,L,M,H,T,R,P,Q,N,A,S,K,G,E,D,AA
-12.559972084703762,7.26783729775468,-8.11065682404058,-2.2268424762042462,-7.938563294569,1.191262627144685,17.320040129699894,6.354364654748959,-29.517755570784978,1.5657970838743658,-11.116789494359283,-7.71537669551673,6.692645797826701,31.815883878243046,-7.390062954376236,23.06048591315065,17.522969759151945,-1.4981408877402376,1.074722917751002,-12.180048777413107,W
7.26783729775468,-20.72645412897354,-25.40274508249501,6.6251993277458485,-5.94946237598582,-0.6471168473246045,-3.6120642951707618,-14.150751279499566,-24.09979161050301,-7.3385609834712495,0.559842051964528,3.883595166271362,-1.7551829965548937,-8.711388626548027,-1.5337761303724333,-2.315137367718444,-22.050330984566802,-7.341690111192499,-11.52469002092775,-8.429446510137439,F
-8.11065682404058,-25.40274508249501,-33.65290344483432,-6.548918890293007,-2.3691708182104696,-4.402953513221687,-7.391942021745457,4.608628556809112,-12.58037904523876,-19.73596580424376,-9.808900732551832,-4.026153973999486,-1.7972777447178803,-7.482607767587752,-6.863180221908085,-13.836251212203631,-15.994711286922545,-14.426339863211075,-21.11524866495038,-14.621101888587154,Y
-2.2268424762042462,6.6251993277458485,-6.548918890293007,17.539062118291092,13.059635181073196,10.389639482298149,12.059027034928542,2.495247664897573,-22.800022625603876,4.39680947070966,35.503592344228586,-9.811224460837197,-4.770172674166306,-3.192474375639767,4.0447670345000795,19.445435639700243,-23.12556609701423,1.1290222399238155,50.87575708295087,44.38734375944807,C
-7.938563294569,-5.94946237598582,-2.3691708182104696,13.059635181073196,10.831588698095382,15.565944646704033,12.415777642155474,-8.87350679687805,-4.620211644822863,3.208090439263736,9.1258200752219,1.450731466367838,-7.525582386641899,-13.199824288688772,2.148889546262597,8.749142401450486,-5.972978945324471,5.2658333188913184,10.95129606639145,-17.339718328136026,I
1.191262627144685,-0.6471168473246045,-4.402953513221687,10.389639482298149,15.565944646704033,15.025106431606606,13.04159064993636,6.700509230545025,5.389789327030089,29.049692745973804,9.723175313745378,-1.9449181039394043,19.280068147413065,5.216570628594633,6.208521058817262,24.46840496611694,12.070886448356571,-2.089112553549011,10.318924677899176,13.527696643602455,V
17.320040129699894,-3.6120642951707618,-7.391942021745457,12.059027034928542,12.415777642155474,13.04159064993636,9.394432196576819,1.486364543383393,-4.296153608859908,10.460787183196118,10.510647937458907,-2.2461055879312624,4.229535193849807,3.440490956758834,2.1986327348244825,10.893052574307855,-6.407870104711118,2.948502948437468,1.3692606286210027,3.1274051900455464,L
6.354364654748959,-14.150751279499566,4.608628556809112,2.495247664897573,-8.87350679687805,6.700509230545025,1.486364543383393,5.19738200042145,-8.116217711063193,-1.8695283570439518,11.65307798713211,4.935168259050598,16.427716833914342,-20.712283472636962,4.684840575609934,5.168155157214566,-4.057717722082237,7.183292268009332,8.074954991397636,-4.316113264302011,M
-29.517755570784978,-24.09979161050301,-12.58037904523876,-22.800022625603876,-4.620211644822863,5.389789327030089,-4.296153608859908,-8.116217711063193,-23.589217193377937,12.306923705352098,19.75829890351582,-10.368206056161641,-9.504958049042413,-13.749812641202425,-6.526127267518262,-8.504880191559085,-14.317629184657068,15.561807110950337,-6.2291452052198855,-11.447200992820907,H
1.5657970838743658,-7.3385609834712495,-19.73596580424376,4.39680947070966,3.208090439263736,29.049692745973804,10.460787183196118,-1.8695283570439518,12.306923705352098,3.9381157305402787,2.0558973005889265,-11.081467059823726,29.095311550859158,-4.2257903302314475,-1.9208957888500033,-4.8317824123910125,-5.170161454908478,1.5999469473985113,-0.19772439114954282,-3.706973470511501,T
-11.116789494359283,0.559842051964528,-9.808900732551832,35.503592344228586,9.1258200752219,9.723175313745378,10.510647937458907,11.65307798713211,19.75829890351582,2.0558973005889265,-7.956461931527143,6.521707912250194,-12.20474523705442,0.47461509964387477,-5.969565691188574,7.206850781857718,8.322309888741582,1.6375002716967588,-5.886843913143639,-8.029910309963755,R
-7.71537669551673,3.883595166271362,-4.026153973999486,-9.811224460837197,1.450731466367838,-1.9449181039394043,-2.2461055879312624,4.935168259050598,-10.368206056161641,-11.081467059823726,6.521707912250194,8.572259312074184,-3.433787848950403,-13.601260792643513,-5.296776089397873,-11.576978889717788,-18.39354618200684,-6.164549939916071,-4.452888394710617,-13.821880235390402,P
6.692645797826701,-1.7551829965548937,-1.7972777447178803,-4.770172674166306,-7.525582386641899,19.280068147413065,4.229535193849807,16.427716833914342,-9.504958049042413,29.095311550859158,-12.20474523705442,-3.433787848950403,-2.1985280793884905,-10.28690785054964,-4.339376717357228,5.928473657099241,-9.236188462694502,3.5146318717994967,-1.9600099089579999,-9.115693919802027,Q
31.815883878243046,-8.711388626548027,-7.482607767587752,-3.192474375639767,-13.199824288688772,5.216570628594633,3.440490956758834,-20.712283472636962,-13.749812641202425,-4.2257903302314475,0.47461509964387477,-13.601260792643513,-10.28690785054964,3.4771750738162903,-7.674918838860388,4.325889329842054,1.7432012283825922,-1.0422896022213441,-9.808986640667767,-0.07146320918332696,N
-7.390062954376236,-1.5337761303724333,-6.863180221908085,4.0447670345000795,2.148889546262597,6.208521058817262,2.1986327348244825,4.684840575609934,-6.526127267518262,-1.9208957888500033,-5.969565691188574,-5.296776089397873,-4.339376717357228,-7.674918838860388,-9.249372592869252,5.798196572999557,-4.3602476693830345,-3.442992215803646,-4.390186029873127,7.456649762003528,A
23.06048591315065,-2.315137367718444,-13.836251212203631,19.445435639700243,8.749142401450486,24.46840496611694,10.893052574307855,5.168155157214566,-8.504880191559085,-4.8317824123910125,7.206850781857718,-11.576978889717788,5.928473657099241,4.325889329842054,5.798196572999557,-0.9735948380269822,-5.584333200834054,10.748513143005969,0.4877954486240872,6.151420486358651,S
17.522969759151945,-22.050330984566802,-15.994711286922545,-23.12556609701423,-5.972978945324471,12.070886448356571,-6.407870104711118,-4.057717722082237,-14.317629184657068,-5.170161454908478,8.322309888741582,-18.39354618200684,-9.236188462694502,1.7432012283825922,-4.3602476693830345,-5.584333200834054,-28.402790640266755,-2.1402603402596414,-7.090159164771885,-6.177910556560714,K
-1.4981408877402376,-7.341690111192499,-14.426339863211075,1.1290222399238155,5.2658333188913184,-2.089112553549011,2.948502948437468,7.183292268009332,15.561807110950337,1.5999469473985113,1.6375002716967588,-6.164549939916071,3.5146318717994967,-1.0422896022213441,-3.442992215803646,10.748513143005969,-2.1402603402596414,22.41657055753241,0.4038487889698288,18.11770202292961,G
1.074722917751002,-11.52469002092775,-21.11524866495038,50.87575708295087,10.95129606639145,10.318924677899176,1.3692606286210027,8.074954991397636,-6.2291452052198855,-0.19772439114954282,-5.886843913143639,-4.452888394710617,-1.9600099089579999,-9.808986640667767,-4.390186029873127,0.4877954486240872,-7.090159164771885,0.4038487889698288,-13.962531498776961,-13.819625241029119,E
-12.180048777413107,-8.429446510137439,-14.621101888587154,44.38734375944807,-17.339718328136026,13.527696643602455,3.1274051900455464,-4.316113264302011,-11.447200992820907,-3.706973470511501,-8.029910309963755,-13.821880235390402,-9.115693919802027,-0.07146320918332696,7.456649762003528,6.151420486358651,-6.177910556560714,18.11770202292961,-13.819625241029119,14.62272625965949,D
