W,F,Y,C,I,V,L,M,H,T,R,P,Q,N,A,S,K,G,E,D,AA
-43.64363721607663,-41.616410597304,-52.68076748633469,-35.2575176231053,-42.660395626422996,-28.682505596600922,-22.32632186599521,-35.17779898385797,-55.28222921635646,-15.332683758178808,-34.585001086130596,-34.21483851330062,-6.920175822904757,22.835459238596616,-17.942099350719708,13.401464937609159,15.02814425370067,-4.901472859730326,-1.2921647906034193,-14.640554198976604,W
-41.616410597304,-42.252023653161196,-68.11485095357959,-27.652257482448476,-46.988595532959735,-36.33702701504226,-45.1907800898342,-58.39463649174122,-39.810622394070585,-20.426770735540607,-11.492250716067119,-6.3967456745464055,-2.4824121020767596,-10.233390198480667,-12.893593235786216,-6.402527805765014,-16.736498794449474,-6.69017699504484,-2.913678094946267,7.092459702776148,F
-52.68076748633469,-68.11485095357959,-44.43254557998555,-27.865461425334782,-34.160173277017016,-30.999197177864524,-36.653884758867896,-30.375602775825094,-38.35601864524463,-33.78581857223264,-31.046310136782036,-25.96280449826435,-9.713020438382355,-19.173076720765568,-13.845852827660671,-20.333998679529028,-24.512244673893846,-16.51301849677714,-28.00919829412957,-21.122046004619772,Y
-35.2575176231053,-27.652257482448476,-27.865461425334782,-25.123137899691866,-15.481843349287242,-14.831266301549887,-12.112208652723364,-27.576615437792146,-37.17882122187094,-2.3560036190650626,34.781325079594055,-13.981013633789377,7.381416542842648,2.8603975755999462,4.6276721690734215,21.779444815780085,-7.948972627930198,4.475452555356576,71.2352031571655,66.33611232424812,C
-42.660395626422996,-46.988595532959735,-34.160173277017016,-15.481843349287242,-4.194560945252078,-22.834932924300304,-28.288806538556404,-44.79723621362342,-6.491684861512123,-6.242200607017743,6.866555952414146,3.609505862757134,0.4045215154881278,-0.5276843475879737,-7.885531504560264,14.376566812462391,5.060065687127644,16.468171064910546,28.3135837323227,6.226915681159118,I
-28.682505596600922,-36.33702701504226,-30.999197177864524,-14.831266301549887,-22.834932924300304,9.13078573637724,-21.00414909304902,-23.56491810433752,3.1937629535880427,21.56768001667779,10.58605356597909,3.5521512929548034,30.127682974471014,17.35926330761917,-1.9949776966948294,33.114159163441386,22.698137869051067,8.740504391203263,29.797531707315876,36.21485640087169,V
-22.32632186599521,-45.1907800898342,-36.653884758867896,-12.112208652723364,-28.288806538556404,-21.00414909304902,-2.6560343167938276,-32.76241379455275,-5.603557868003025,7.091061862771274,6.476018028649433,0.6967203748600693,11.794131468964057,17.887485400151373,-4.955087529770241,21.838586518767322,9.99944690620043,18.942045702143623,23.04781683307092,31.497720786473373,L
-35.17779898385797,-58.39463649174122,-30.375602775825094,-27.576615437792146,-44.79723621362342,-23.56491810433752,-32.76241379455275,-8.732503012610936,-22.03966937353779,-12.461185793065852,3.736180700383166,-2.709679179423348,19.529990285514774,-17.276061518721,-2.1597670380971707,5.557757937830473,4.188120971907349,10.691793784264862,21.01299991990617,10.303241810051473,M
-55.28222921635646,-39.810622394070585,-38.35601864524463,-37.17882122187094,-6.491684861512123,3.1937629535880427,-5.603557868003025,-22.03966937353779,-20.720690163225868,8.296184092401013,15.997278972762482,-8.461300295975015,-2.2313447880403787,-11.594308839705567,11.709549134031128,-6.983244671434502,0.06458378501739975,26.662731874662963,-6.261495783127543,-14.275502302411155,H
-15.332683758178808,-20.426770735540607,-33.78581857223264,-2.3560036190650626,-6.242200607017743,21.56768001667779,7.091061862771274,-12.461185793065852,8.296184092401013,33.402927475374014,2.947078547353399,-1.617287334835188,38.03871314172568,-0.8279500564455051,12.39929905780172,4.011518483900144,7.331143219086991,16.614589697749505,17.24490629320513,12.345815460287739,T
-34.585001086130596,-11.492250716067119,-31.046310136782036,34.781325079594055,6.866555952414146,10.58605356597909,6.476018028649433,3.736180700383166,15.997278972762482,2.947078547353399,18.087516283502275,6.428865262908613,-8.915706548886662,1.062477546978642,10.048959425515337,12.057671081643942,27.577834367879746,13.591366905688604,-21.212032301609344,-23.009502229333926,R
-34.21483851330062,-6.3967456745464055,-25.96280449826435,-13.981013633789377,3.609505862757134,3.5521512929548034,0.6967203748600693,-2.709679179423348,-8.461300295975015,-1.617287334835188,6.428865262908613,45.33085782510282,8.752908534651706,-0.7071477477315108,17.200422486640804,4.4658603802161645,9.339758921730185,13.940651418985068,21.51779298644269,9.211344252437167,P
-6.920175822904757,-2.4824121020767596,-9.713020438382355,7.381416542842648,0.4045215154881278,30.127682974471014,11.794131468964057,19.529990285514774,-2.2313447880403787,38.03871314172568,-8.915706548886662,8.752908534651706,39.855481621088515,1.6774426327424354,22.604385333155818,24.10142554364328,10.203468359022217,29.645297935728298,24.02628905852543,15.773333404838038,Q
22.835459238596616,-10.233390198480667,-19.173076720765568,2.8603975755999462,-0.5276843475879737,17.35926330761917,17.887485400151373,-17.276061518721,-11.594308839705567,-0.8279500564455051,1.062477546978642,-0.7071477477315108,1.6774426327424354,30.813164932924646,19.217221557031593,13.493398884977728,17.635539754235182,16.07213443260677,13.036489584146501,12.89710107238603,N
-17.942099350719708,-12.893593235786216,-13.845852827660671,4.6276721690734215,-7.885531504560264,-1.9949776966948294,-4.955087529770241,-2.1597670380971707,11.709549134031128,12.39929905780172,10.048959425515337,17.200422486640804,22.604385333155818,19.217221557031593,36.42775605771932,31.37635573453743,28.393784695913816,25.085298608969687,35.48739924236406,48.27795510018718,A
13.401464937609159,-6.402527805765014,-20.333998679529028,21.779444815780085,14.376566812462391,33.114159163441386,21.838586518767322,5.557757937830473,-6.983244671434502,4.011518483900144,12.057671081643942,4.4658603802161645,24.10142554364328,13.493398884977728,31.37635573453743,43.095975875849014,16.677642926444815,32.889513373989686,24.0316831188118,25.601372793030635,S
15.02814425370067,-16.736498794449474,-24.512244673893846,-7.948972627930198,5.060065687127644,22.698137869051067,9.99944690620043,4.188120971907349,0.06458378501739975,7.331143219086991,27.577834367879746,9.339758921730185,10.203468359022217,17.635539754235182,28.393784695913816,16.677642926444815,31.93065380880858,24.273659239824376,-5.639478084189991,-8.823707595472131,K
-4.901472859730326,-6.69017699504484,-16.51301849677714,4.475452555356576,16.468171064910546,8.740504391203263,18.942045702143623,10.691793784264862,26.662731874662963,16.614589697749505,13.591366905688604,13.940651418985068,29.645297935728298,16.07213443260677,25.085298608969687,32.889513373989686,24.273659239824376,71.5947671614525,36.71190267241046,46.20673806018459,G
-1.2921647906034193,-2.913678094946267,-28.00919829412957,71.2352031571655,28.3135837323227,29.797531707315876,23.04781683307092,21.01299991990617,-6.261495783127543,17.24490629320513,-21.212032301609344,21.51779298644269,24.02628905852543,13.036489584146501,35.48739924236406,24.0316831188118,-5.639478084189991,36.71190267241046,62.385561185783004,33.536869312189715,E
-14.640554198976604,7.092459702776148,-21.122046004619772,66.33611232424812,6.226915681159118,36.21485640087169,31.497720786473373,10.303241810051473,-14.275502302411155,12.345815460287739,-23.009502229333926,9.211344252437167,15.773333404838038,12.89710107238603,48.27795510018718,25.601372793030635,-8.823707595472131,46.20673806018459,33.536869312189715,85.7323581836487,D
