W,F,Y,C,I,V,L,M,H,T,R,P,Q,N,A,S,K,G,E,D,AA
-43.64363721608271,-41.61641059730425,-52.68076748633672,-35.257517623108534,-42.66039562642443,-28.682505596602297,-22.326321865995723,-35.17779898385943,-55.2822292163626,-15.332683758178877,-34.58500108613312,-34.21483851330081,-6.92017582290567,22.83545923859364,-17.94209935072042,13.401464937607038,15.028144253698821,-4.901472859730507,-1.292164790604917,-14.64055419897675,W
-41.61641059730425,-42.25202365316179,-68.11485095358071,-27.65225748245268,-46.98859553296019,-36.337027015042565,-45.19078008983453,-58.39463649174193,-39.81062239407282,-20.426770735540817,-11.492250716067572,-6.396745674547022,-2.4824121020767773,-10.233390198482054,-12.893593235786524,-6.402527805765572,-16.736498794450664,-6.690176995045352,-2.9136780949466097,7.092459702775773,F
-52.68076748633672,-68.11485095358071,-44.432545579987405,-27.865461425339188,-34.160173277017016,-30.999197177865305,-36.6538847588681,-30.37560277582516,-38.356018645245186,-33.785818572233865,-31.046310136782285,-25.96280449826574,-9.71302043838325,-19.173076720765998,-13.84585282766085,-20.333998679529426,-24.51224467389533,-16.513018496777974,-28.00919829413043,-21.122046004620167,Y
-35.257517623108534,-27.65225748245268,-27.865461425339188,-25.123137899696296,-15.481843349290239,-14.831266301550002,-12.112208652725299,-27.576615437793016,-37.17882122187529,-2.3560036190687437,34.78132507959374,-13.981013633792314,7.381416542842562,2.860397575599014,4.627672169072,21.779444815779076,-7.948972627931402,4.47545255535541,71.23520315716485,66.33611232424508,C
-42.66039562642443,-46.98859553296019,-34.160173277017016,-15.481843349290239,-4.194560945252499,-22.834932924300393,-28.28880653855664,-44.79723621362404,-6.491684861512215,-6.2422006070178595,6.866555952413853,3.6095058627570613,0.4045215154879088,-0.5276843475883644,-7.885531504560451,14.376566812462352,5.06006568712747,16.468171064910127,28.313583732322346,6.226915681158757,I
-28.682505596602297,-36.337027015042565,-30.999197177865305,-14.831266301550002,-22.834932924300393,9.13078573637709,-21.00414909304904,-23.5649181043385,3.1937629535875547,21.567680016677595,10.586053565978931,3.5521512929547563,30.12768297447034,17.359263307618644,-1.9949776966950872,33.11415916344135,22.69813786905043,8.740504391203064,29.797531707315855,36.21485640087118,V
-22.326321865995723,-45.19078008983453,-36.6538847588681,-12.112208652725299,-28.28880653855664,-21.00414909304904,-2.6560343167939275,-32.76241379455367,-5.603557868003424,7.091061862770996,6.47601802864932,0.696720374859898,11.794131468963911,17.887485400151352,-4.955087529770275,21.838586518767126,9.99944690620043,18.94204570214339,23.047816833070613,31.497720786473334,L
-35.17779898385943,-58.39463649174193,-30.37560277582516,-27.576615437793016,-44.79723621362404,-23.5649181043385,-32.76241379455367,-8.732503012612804,-22.039669373538633,-12.461185793067074,3.7361807003830716,-2.7096791794238553,19.529990285513644,-17.276061518721452,-2.159767038097483,5.557757937828741,4.188120971906632,10.691793784264652,21.01299991990608,10.303241810050782,M
-55.2822292163626,-39.81062239407282,-38.356018645245186,-37.17882122187529,-6.491684861512215,3.1937629535875547,-5.603557868003424,-22.039669373538633,-20.7206901632271,8.29618409240092,15.997278972761144,-8.461300295975079,-2.231344788041359,-11.594308839705707,11.709549134030434,-6.983244671434526,0.06458378501631809,26.662731874661976,-6.261495783128421,-14.275502302411766,H
-15.332683758178877,-20.426770735540817,-33.785818572233865,-2.3560036190687437,-6.2422006070178595,21.567680016677595,7.091061862770996,-12.461185793067074,8.29618409240092,33.40292747537337,2.947078547353151,-1.617287334835411,38.03871314172534,-0.8279500564457417,12.399299057801624,4.011518483899435,7.33114321908614,16.614589697749242,17.244906293204828,12.345815460287142,T
-34.58500108613312,-11.492250716067572,-31.046310136782285,34.78132507959374,6.866555952413853,10.586053565978931,6.47601802864932,3.7361807003830716,15.997278972761144,2.947078547353151,18.087516283502193,6.428865262908093,-8.915706548886828,1.0624775469779901,10.048959425515124,12.057671081643816,27.57783436787899,13.591366905688412,-21.212032301609433,-23.009502229334466,R
-34.21483851330081,-6.396745674547022,-25.96280449826574,-13.981013633792314,3.6095058627570613,3.5521512929547563,0.696720374859898,-2.7096791794238553,-8.461300295975079,-1.617287334835411,6.428865262908093,45.33085782510238,8.75290853465118,-0.7071477477321559,17.200422486640583,4.46586038021578,9.33975892172985,13.940651418985059,21.517792986442565,9.211344252436744,P
-6.92017582290567,-2.4824121020767773,-9.71302043838325,7.381416542842562,0.4045215154879088,30.12768297447034,11.794131468963911,19.529990285513644,-2.231344788041359,38.03871314172534,-8.915706548886828,8.75290853465118,39.85548162108809,1.6774426327421494,22.604385333155676,24.10142554364327,10.20346835902218,29.64529793572803,24.026289058525165,15.773333404837711,Q
22.83545923859364,-10.233390198482054,-19.173076720765998,2.860397575599014,-0.5276843475883644,17.359263307618644,17.887485400151352,-17.276061518721452,-11.594308839705707,-0.8279500564457417,1.0624775469779901,-0.7071477477321559,1.6774426327421494,30.813164932924288,19.21722155703149,13.493398884977498,17.635539754234507,16.072134432606283,13.03648958414619,12.8971010723854,N
-17.94209935072042,-12.893593235786524,-13.84585282766085,4.627672169072,-7.885531504560451,-1.9949776966950872,-4.955087529770275,-2.159767038097483,11.709549134030434,12.399299057801624,10.048959425515124,17.200422486640583,22.604385333155676,19.21722155703149,36.42775605771921,31.376355734537288,28.393784695913602,25.08529860896963,35.48739924236397,48.277955100187064,A
13.401464937607038,-6.402527805765572,-20.333998679529426,21.779444815779076,14.376566812462352,33.11415916344135,21.838586518767126,5.557757937828741,-6.983244671434526,4.011518483899435,12.057671081643816,4.46586038021578,24.10142554364327,13.493398884977498,31.376355734537288,43.095975875848936,16.677642926444435,32.88951337398967,24.0316831188117,25.601372793030187,S
15.028144253698821,-16.736498794450664,-24.51224467389533,-7.948972627931402,5.06006568712747,22.69813786905043,9.99944690620043,4.188120971906632,0.06458378501631809,7.33114321908614,27.57783436787899,9.33975892172985,10.20346835902218,17.635539754234507,28.393784695913602,16.677642926444435,31.9306538088076,24.273659239824003,-5.639478084190559,-8.82370759547258,K
-4.901472859730507,-6.690176995045352,-16.513018496777974,4.47545255535541,16.468171064910127,8.740504391203064,18.94204570214339,10.691793784264652,26.662731874661976,16.614589697749242,13.591366905688412,13.940651418985059,29.64529793572803,16.072134432606283,25.08529860896963,32.88951337398967,24.273659239824003,71.59476716145232,36.711902672410396,46.20673806018427,G
-1.292164790604917,-2.9136780949466097,-28.00919829413043,71.23520315716485,28.313583732322346,29.797531707315855,23.047816833070613,21.01299991990608,-6.261495783128421,17.244906293204828,-21.212032301609433,21.517792986442565,24.026289058525165,13.03648958414619,35.48739924236397,24.0316831188117,-5.639478084190559,36.711902672410396,62.38556118578285,33.53686931218963,E
-14.64055419897675,7.092459702775773,-21.122046004620167,66.33611232424508,6.226915681158757,36.21485640087118,31.497720786473334,10.303241810050782,-14.275502302411766,12.345815460287142,-23.009502229334466,9.211344252436744,15.773333404837711,12.8971010723854,48.277955100187064,25.601372793030187,-8.82370759547258,46.20673806018427,33.53686931218963,85.7323581836487,D
