W,F,Y,C,I,V,L,M,H,T,R,P,Q,N,A,S,K,G,E,D,AA
7.054366199067739,-41.46456423394649,-55.53380547045356,-35.10597118404578,-27.15717006517267,0.18029694114568756,-15.450848031466807,-40.586436258197686,-47.195146075775696,-30.02434766418188,-36.87755670992331,-11.483444348555944,-2.623528142900449,22.98700567765639,1.3061036578345948,33.98219921232255,12.180553048271134,3.18561028085639,13.495221129659948,38.727683084545525,W
-41.46456423394649,43.08256206339035,-18.241947538335914,-10.847457184332724,-31.5922051689546,-23.56018673102389,-29.443827055603084,-52.02418507109341,-35.50206044969696,-0.6792428468890438,-16.483940084442317,-30.022349773978313,9.098223637516535,10.390697128891372,-4.753514309228822,-8.81729221875515,31.849029645214472,11.388163945944955,7.5506088437489005,20.317882077159773,F
-55.53380547045356,-18.241947538335914,-4.943370740806376,-2.163743536930969,-49.635952861121915,-29.128726952856347,-19.536008927377452,-55.49942959369142,-14.252918428654116,8.047434697153339,-36.14095579351235,-43.130027993153554,-24.231153308462982,1.4510106066074213,-7.850899978156074,49.30102668975339,-27.76308573665114,-11.7561154563315,-23.68865577238975,-28.587746605306663,Y
-35.10597118404578,-10.847457184332724,-2.163743536930969,inf,-3.9186609194508693,-24.393375493332638,50.45602325416466,17.31646266690111,inf,-6.785838518462139,-4.895410915034615,46.41945457653951,45.57408582785509,10.935797720176613,31.923210707451606,-8.200561532959782,-12.37880752732479,-15.574569695005271,31.57556595998058,9.053074957373921,C
-27.15717006517267,-31.5922051689546,-49.635952861121915,-3.9186609194508693,-4.844669461857278,-31.216102737155516,-32.192839858688096,-24.112141064135628,-3.5283022145915104,-5.675161180672481,-14.785435658715087,4.990850845505387,10.868808454183423,2.8572575259545983,11.178462722827216,10.619656664240756,-11.26813018953766,24.5816653082849,39.5243670788522,34.62527624593479,I
0.18029694114568756,-23.56018673102389,-29.128726952856347,-24.393375493332638,-31.216102737155516,16.56132520789332,-19.930664518740652,-41.483506812746285,1.5670893632241094,1.9755840604637291,-8.232201041795134,-3.033242198807882,17.06372430829718,6.2992578203990846,0.8665411939388539,11.830009355378618,-1.582682374437948,3.948582354373662,21.47458406051702,28.283382747940934,V
-15.450848031466807,-29.443827055603084,-19.536008927377452,50.45602325416466,-32.192839858688096,-19.930664518740652,-1.9329485243592535,-5.6968706795684065,-7.020401662214621,-1.2341762393071851,-8.88624423972089,2.1771686676077002,15.054355687126385,2.178466844991286,-1.3880738884133175,17.153247190640002,0.380479870027334,13.012843596485979,51.23068911255717,21.898731062861152,L
-40.586436258197686,-52.02418507109341,-55.49942959369142,17.31646266690111,-24.112141064135628,-41.483506812746285,-5.6968706795684065,-18.286141684861008,-31.59895338363967,3.2238642191658355,-46.77801873011859,-34.02284749638175,2.0439386556218695,-9.186052329999008,-3.789075179625202,8.518113223043866,-2.36910478969879,-11.421379909325553,26.09510088582747,0.7411326182681481,M
-47.195146075775696,-35.50206044969696,-14.252918428654116,inf,-3.5283022145915104,1.5670893632241094,-7.020401662214621,-31.59895338363967,24.198248544839377,-10.985536050886239,-20.532393523273047,-22.182645296000818,-9.154822681305507,-31.34220571487566,11.06178014503094,3.13284434473696,-16.57850505975236,-10.097676769256088,-6.909264772127918,-28.152715666600614,H
-30.02434766418188,-0.6792428468890438,8.047434697153339,-6.785838518462139,-5.675161180672481,1.9755840604637291,-1.2341762393071851,3.2238642191658355,-10.985536050886239,9.16508341503739,-10.631497987242623,-0.8869798777813983,38.190459398498774,-6.253367593711366,42.091425044892624,37.95566194754215,-4.900862053097758,27.95793522993001,11.56919276912296,31.758098646923976,T
-36.87755670992331,-16.483940084442317,-36.14095579351235,-4.895410915034615,-14.785435658715087,-8.232201041795134,-8.88624423972089,-46.77801873011859,-20.532393523273047,-10.631497987242623,7.118167867118137,-1.813760151326819,-5.306363022730704,-21.09653029938892,13.706684578180225,6.632253544378189,5.4646606742887895,3.063726724203763,-37.39014670423604,-34.76317629529709,R
-11.483444348555944,-30.022349773978313,-43.130027993153554,46.41945457653951,4.990850845505387,-3.033242198807882,2.1771686676077002,-34.02284749638175,-22.182645296000818,-0.8869798777813983,-1.813760151326819,14.337788401902413,13.49491137404481,26.625911598020117,25.313916730015357,11.225449292304422,26.73388711994206,11.853750999069797,17.076851294498276,29.84412452790889,P
-2.623528142900449,9.098223637516535,-24.231153308462982,45.57408582785509,10.868808454183423,17.06372430829718,15.054355687126385,2.0439386556218695,-9.154822681305507,38.190459398498774,-5.306363022730704,13.49491137404481,60.444871647101536,19.07157083095436,27.47920110560422,-0.1364185166927083,10.355414961131656,20.069037648007086,28.76829189791879,28.998755779221714,Q
22.98700567765639,10.390697128891372,1.4510106066074213,10.935797720176613,2.8572575259545983,6.2992578203990846,2.178466844991286,-9.186052329999008,-31.34220571487566,-6.253367593711366,-21.09653029938892,26.625911598020117,19.07157083095436,29.18911738647952,22.958182138361554,14.602698225537742,-8.83568347830089,15.548018680764175,41.89929212189418,3.3208407846644667,N
1.3061036578345948,-4.753514309228822,-7.850899978156074,31.923210707451606,11.178462722827216,0.8665411939388539,-1.3880738884133175,-3.789075179625202,11.06178014503094,42.091425044892624,13.706684578180225,25.313916730015357,27.47920110560422,22.958182138361554,50.596037905037164,16.243834813613358,21.300034554699625,23.86922387763701,16.54113681445479,35.68820642097179,A
33.98219921232255,-8.81729221875515,49.30102668975339,-8.200561532959782,10.619656664240756,11.830009355378618,17.153247190640002,8.518113223043866,3.13284434473696,37.95566194754215,6.632253544378189,11.225449292304422,-0.1364185166927083,14.602698225537742,16.243834813613358,60.88542004460942,5.392304452744188,30.033744176415887,12.971677631592135,25.753319395139663,S
12.180553048271134,31.849029645214472,-27.76308573665114,-12.37880752732479,-11.26813018953766,-1.582682374437948,0.380479870027334,-2.36910478969879,-16.57850505975236,-4.900862053097758,5.4646606742887895,26.73388711994206,10.355414961131656,-8.83568347830089,21.300034554699625,5.392304452744188,42.8234220516663,1.42263096527182,-1.5301730340016335,-23.399068257075875,K
3.18561028085639,11.388163945944955,-11.7561154563315,-15.574569695005271,24.5816653082849,3.948582354373662,13.012843596485979,-11.421379909325553,-10.097676769256088,27.95793522993001,3.063726724203763,11.853750999069797,20.069037648007086,15.548018680764175,23.86922387763701,30.033744176415887,1.42263096527182,64.67128926818818,39.67831888155423,28.055901691271146,G
13.495221129659948,7.5506088437489005,-23.68865577238975,31.57556595998058,39.5243670788522,21.47458406051702,51.23068911255717,26.09510088582747,-6.909264772127918,11.56919276912296,-37.39014670423604,17.076851294498276,28.76829189791879,41.89929212189418,16.54113681445479,12.971677631592135,-1.5301730340016335,39.67831888155423,50.014842965558515,35.39789410027841,E
38.727683084545525,20.317882077159773,-28.587746605306663,9.053074957373921,34.62527624593479,28.283382747940934,21.898731062861152,0.7411326182681481,-28.152715666600614,31.758098646923976,-34.76317629529709,29.84412452790889,28.998755779221714,3.3208407846644667,35.68820642097179,25.753319395139663,-23.399068257075875,28.055901691271146,35.39789410027841,60.671329405762805,D
