W,F,Y,C,I,V,L,M,H,T,R,P,Q,N,A,S,K,G,E,D,AA
7.054366199073825,-41.464564233946234,-55.533805470451526,-35.105971184042545,-27.157170065171233,0.18029694114706746,-15.450848031466293,-40.58643625819622,-47.19514607576956,-30.024347664181818,-36.87755670992079,-11.483444348555759,-2.6235281428995414,22.987005677659372,1.3061036578353056,33.98219921232467,12.18055304827298,3.1856102808565767,13.495221129661445,38.72768308454567,W
-41.464564233946234,43.08256206339094,-18.241947538334774,-10.847457184328515,-31.592205168954145,-23.560186731023585,-29.44382705560275,-52.0241850710927,-35.50206044969471,-0.6792428468888255,-16.483940084441862,-30.02234977397769,9.098223637516552,10.390697128892755,-4.75351430922851,-8.81729221875459,31.849029645215666,11.388163945945468,7.550608843749244,20.31788207716015,F
-55.533805470451526,-18.241947538334774,-4.943370740804526,-2.1637435369265563,-49.635952861121915,-29.128726952855562,-19.536008927377242,-55.49942959369135,-14.25291842865356,8.047434697154557,-36.140955793512084,-43.13002799315216,-24.23115330846209,1.4510106066078499,-7.85089997815589,49.30102668975379,-27.763085736649646,-11.756115456330662,-23.688655772388884,-28.587746605306275,Y
-35.105971184042545,-10.847457184328515,-2.1637435369265563,inf,-3.918660919447873,-24.393375493332524,50.4560232541666,17.316462666901973,inf,-6.785838518458452,-4.895410915034305,46.41945457654244,45.57408582785517,10.935797720177543,31.923210707453027,-8.200561532958769,-12.378807527323593,-15.57456969500411,31.575565959981226,9.053074957376968,C
-27.157170065171233,-31.592205168954145,-49.635952861121915,-3.918660919447873,-4.8446694618568555,-31.21610273715543,-32.19283985868787,-24.112141064135013,-3.528302214591413,-5.675161180672354,-14.78543565871479,4.990850845505463,10.868808454183638,2.8572575259549895,11.178462722827396,10.619656664240793,-11.268130189537487,24.58166530828531,39.52436707885255,34.62527624593516,I
0.18029694114706746,-23.560186731023585,-29.128726952855562,-24.393375493332524,-31.21610273715543,16.561325207893468,-19.93066451874062,-41.483506812745304,1.5670893632246041,1.9755840604639312,-8.232201041794967,-3.0332421988078373,17.063724308297857,6.2992578203996095,0.8665411939391146,11.83000935537865,-1.5826823744373157,3.9485823543738627,21.47458406051704,28.28338274794145,V
-15.450848031466293,-29.44382705560275,-19.536008927377242,50.4560232541666,-32.19283985868787,-19.93066451874062,-1.9329485243591522,-5.696870679567485,-7.020401662214226,-1.2341762393069131,-8.886244239720778,2.1771686676078774,15.054355687126531,2.178466844991301,-1.3880738884132895,17.153247190640197,0.380479870027334,13.012843596486215,51.230689112557485,21.898731062861195,L
-40.58643625819622,-52.0241850710927,-55.49942959369135,17.316462666901973,-24.112141064135013,-41.483506812745304,-5.696870679567485,-18.286141684859135,-31.598953383638822,3.223864219167056,-46.7780187301185,-34.02284749638123,2.0439386556230015,-9.186052329998555,-3.7890751796248923,8.518113223045596,-2.369104789698069,-11.421379909325339,26.09510088582756,0.7411326182688397,M
-47.19514607576956,-35.50206044969471,-14.25291842865356,inf,-3.528302214591413,1.5670893632246041,-7.020401662214226,-31.598953383638822,24.198248544840606,-10.98553605088615,-20.532393523271708,-22.182645296000754,-9.154822681304532,-31.342205714875522,11.061780145031632,3.1328443447369807,-16.57850505975128,-10.0976767692551,-6.909264772127038,-28.152715666600002,H
-30.024347664181818,-0.6792428468888255,8.047434697154557,-6.785838518458452,-5.675161180672354,1.9755840604639312,-1.2341762393069131,3.223864219167056,-10.98553605088615,9.165083415038039,-10.631497987242382,-0.8869798777811716,38.190459398499115,-6.253367593711132,42.091425044892716,37.95566194754286,-4.9008620530969145,27.95793522993027,11.569192769123267,31.758098646924577,T
-36.87755670992079,-16.483940084441862,-36.140955793512084,-4.895410915034305,-14.78543565871479,-8.232201041794967,-8.886244239720778,-46.7780187301185,-20.532393523271708,-10.631497987242382,7.118167867118216,-1.8137601513263009,-5.306363022730542,-21.096530299388277,13.706684578180445,6.632253544378313,5.464660674289544,3.0637267242039496,-37.39014670423595,-34.76317629529655,R
-11.483444348555759,-30.02234977397769,-43.13002799315216,46.41945457654244,4.990850845505463,-3.0332421988078373,2.1771686676078774,-34.02284749638123,-22.182645296000754,-0.8869798777811716,-1.8137601513263009,14.337788401902849,13.49491137404533,26.625911598020767,25.313916730015574,11.225449292304802,26.733887119942402,11.853750999069804,17.0768512944984,29.84412452790931,P
-2.6235281428995414,9.098223637516552,-24.23115330846209,45.57408582785517,10.868808454183638,17.063724308297857,15.054355687126531,2.0439386556230015,-9.154822681304532,38.190459398499115,-5.306363022730542,13.49491137404533,60.44487164710197,19.071570830954645,27.47920110560436,-0.1364185166926987,10.355414961131693,20.06903764800736,28.768291897919053,28.998755779222048,Q
22.987005677659372,10.390697128892755,1.4510106066078499,10.935797720177543,2.8572575259549895,6.2992578203996095,2.178466844991301,-9.186052329998555,-31.342205714875522,-6.253367593711132,-21.096530299388277,26.625911598020767,19.071570830954645,29.189117386479875,22.95818213836166,14.602698225537972,-8.835683478300213,15.548018680764663,41.89929212189449,3.320840784665091,N
1.3061036578353056,-4.75351430922851,-7.85089997815589,31.923210707453027,11.178462722827396,0.8665411939391146,-1.3880738884132895,-3.7890751796248923,11.061780145031632,42.091425044892716,13.706684578180445,25.313916730015574,27.47920110560436,22.95818213836166,50.596037905037264,16.243834813613496,21.300034554699838,23.869223877637076,16.541136814454894,35.688206420971916,A
33.98219921232467,-8.81729221875459,49.30102668975379,-8.200561532958769,10.619656664240793,11.83000935537865,17.153247190640197,8.518113223045596,3.1328443447369807,37.95566194754286,6.632253544378313,11.225449292304802,-0.1364185166926987,14.602698225537972,16.243834813613496,60.885420044609496,5.392304452744571,30.03374417641591,12.971677631592241,25.75331939514011,S
12.18055304827298,31.849029645215666,-27.763085736649646,-12.378807527323593,-11.268130189537487,-1.5826823744373157,0.380479870027334,-2.369104789698069,-16.57850505975128,-4.9008620530969145,5.464660674289544,26.733887119942402,10.355414961131693,-8.835683478300213,21.300034554699838,5.392304452744571,42.82342205166728,1.422630965272189,-1.5301730340010655,-23.399068257075417,K
3.1856102808565767,11.388163945945468,-11.756115456330662,-15.57456969500411,24.58166530828531,3.9485823543738627,13.012843596486215,-11.421379909325339,-10.0976767692551,27.95793522993027,3.0637267242039496,11.853750999069804,20.06903764800736,15.548018680764663,23.869223877637076,30.03374417641591,1.422630965272189,64.67128926818833,39.6783188815543,28.05590169127147,G
13.495221129661445,7.550608843749244,-23.688655772388884,31.575565959981226,39.52436707885255,21.47458406051704,51.230689112557485,26.09510088582756,-6.909264772127038,11.569192769123267,-37.39014670423595,17.0768512944984,28.768291897919053,41.89929212189449,16.541136814454894,12.971677631592241,-1.5301730340010655,39.6783188815543,50.01484296555867,35.3978941002785,E
38.72768308454567,20.31788207716015,-28.587746605306275,9.053074957376968,34.62527624593516,28.28338274794145,21.898731062861195,0.7411326182688397,-28.152715666600002,31.758098646924577,-34.76317629529655,29.84412452790931,28.998755779222048,3.320840784665091,35.688206420971916,25.75331939514011,-23.399068257075417,28.05590169127147,35.3978941002785,60.671329405762805,D
