W,F,Y,C,I,V,L,M,H,T,R,P,Q,N,A,S,K,G,E,D,AA
-31.083665131378947,-48.88424789505893,-44.57011066229614,-33.03067514690428,-34.72183233185543,-29.873768223746982,-39.64636199569562,-41.53216363860838,-25.764473645577624,-16.898480842053242,-23.46821159177384,-26.49946181778408,-13.612821620732374,-8.980424639649412,-10.55203639634418,-9.659020975543612,-2.4948255054531265,-3.403331971990274,-2.366887708355921,-2.4605054215636355,W
-48.88424789505893,-21.52556952418825,-42.71210587108571,-34.27745681019852,-41.03913315697437,-35.68991016771796,-41.578715794663765,-44.243885212242354,-15.710830783569818,-13.088209752069565,-12.052092768032098,-10.280340840818386,-0.7272291055218857,-1.522001571934019,-11.359817105414088,-4.087390438047132,5.3138321901161385,0.651513116147151,8.611011925981135,15.521906212913212,F
-44.57011066229614,-42.71210587108571,-10.77964213515308,-21.316542535046175,-31.791002458806545,-26.596243664643616,-29.26194273712266,-34.98423133263427,-25.77563960000642,-14.049852767990098,-21.23740940423046,-21.93665052426626,-7.915742693665371,-11.690468953178247,-6.982672605752765,-6.497747467325793,-8.517533386972792,-2.0866786335669034,-6.89394962918006,-6.5009441160330095,Y
-33.03067514690428,-34.27745681019852,-21.316542535046175,-42.66220001798738,-28.541478530363435,-25.220905783848146,-24.17123568765384,-30.07186310269059,-14.378798596271416,-6.75281308977841,-0.7222672646348365,-4.169789172955114,12.151589217008867,6.052871951238778,0.5829051345719195,2.334009176078838,15.176593469082828,3.346430315431597,20.35944607421399,21.948768564797007,C
-34.72183233185543,-41.03913315697437,-31.791002458806545,-28.541478530363435,-15.026149643347884,-38.40087757100443,-40.70458418071212,-35.923729416745985,-1.8714732166893562,-9.450291046281597,-2.259264122808051,2.158774396389222,7.930103902129812,12.672139941100403,-10.034421050823045,5.62742441101187,11.03304463245194,11.202337746018808,17.3622876659309,23.566634009294784,I
-29.873768223746982,-35.68991016771796,-26.596243664643616,-25.220905783848146,-38.40087757100443,-5.8943206952295135,-34.045739742985404,-30.265427334883523,-2.1960263734425363,-7.482012729296211,0.8628782522335497,5.497069396894161,10.847614827057269,12.14269267902401,-8.20349875551235,8.64575419732442,10.627251420693858,10.829616944752075,19.47860702941668,22.68715975726872,V
-39.64636199569562,-41.578715794663765,-29.26194273712266,-24.17123568765384,-40.70458418071212,-34.045739742985404,-12.050466513370752,-34.24877833793707,-1.307404259143509,-3.3697253204251236,-4.03462990880959,2.94282596279116,7.564596275114105,14.446994443392521,-7.153720264594757,10.945533944459275,16.407317010911544,15.993542753705922,21.678556204449603,28.370315596427787,L
-41.53216363860838,-44.243885212242354,-34.98423133263427,-30.07186310269059,-35.923729416745985,-30.265427334883523,-34.24877833793707,-13.929885013034257,-13.923451662475442,-10.591657436023127,-7.916897286749047,-7.644847438474453,3.102273451599301,3.436221953915508,-6.844607613707423,0.38960278061417486,8.245838693988869,3.5085015162553184,12.938044928508447,14.619355074352796,M
-25.764473645577624,-15.710830783569818,-25.77563960000642,-14.378798596271416,-1.8714732166893562,-2.1960263734425363,-1.307404259143509,-13.923451662475442,2.8685270301508274,-4.01073961295118,-3.7610199307546743,1.9069057601865627,7.273613261001055,2.1555038014967143,18.2356764015487,1.5216355201245595,14.382212969673388,11.100924763711639,-0.03235057790853697,-2.8283013095908554,H
-16.898480842053242,-13.088209752069565,-14.049852767990098,-6.75281308977841,-9.450291046281597,-7.482012729296211,-3.3697253204251236,-10.591657436023127,-4.01073961295118,29.464811744833092,0.891181246764229,9.464179724988314,8.943401590866182,3.3978402737857003,14.320194846651635,8.84330089629045,12.501304673994621,15.014642750350735,17.442630684354366,16.052788930798645,T
-23.46821159177384,-12.052092768032098,-21.23740940423046,-0.7222672646348365,-2.259264122808051,0.8628782522335497,-4.03462990880959,-7.916897286749047,-3.7610199307546743,0.891181246764229,26.04397821502934,-0.0928426493421044,3.2890386881675946,0.5878624473341211,16.018525116703696,4.850820299786101,19.255524479137407,11.953866633991659,-15.325188388465799,-14.979591919370709,R
-26.49946181778408,-10.280340840818386,-21.93665052426626,-4.169789172955114,2.158774396389222,5.497069396894161,2.94282596279116,-7.644847438474453,1.9069057601865627,9.464179724988314,-0.0928426493421044,36.7585985130282,12.186696383601584,12.894113044911354,22.497198576038464,16.04283926993357,27.73330510373669,20.10520135890113,25.97068138115319,23.033224487827148,P
-13.612821620732374,-0.7272291055218857,-7.915742693665371,12.151589217008867,7.930103902129812,10.847614827057269,7.564596275114105,3.102273451599301,7.273613261001055,8.943401590866182,3.2890386881675946,12.186696383601584,42.054009700476584,11.964350483291792,26.94376205051291,18.17295188654403,19.43965682171668,26.130666063928526,25.98629896748316,24.88902732463974,Q
-8.980424639649412,-1.522001571934019,-11.690468953178247,6.052871951238778,12.672139941100403,12.14269267902401,14.446994443392521,3.436221953915508,2.1555038014967143,3.3978402737857003,0.5878624473341211,12.894113044911354,11.964350483291792,27.335989859107997,26.89214039589188,9.167509555135446,15.892338525851915,17.11442403482763,22.845476224813957,12.968564281568723,N
-10.55203639634418,-11.359817105414088,-6.982672605752765,0.5829051345719195,-10.034421050823045,-8.20349875551235,-7.153720264594757,-6.844607613707423,18.2356764015487,14.320194846651635,16.018525116703696,22.497198576038464,26.94376205051291,26.89214039589188,45.67712865058846,25.578159161537727,32.75403236529664,28.528290824773272,39.87758527223709,40.821305338183535,A
-9.659020975543612,-4.087390438047132,-6.497747467325793,2.334009176078838,5.62742441101187,8.64575419732442,10.945533944459275,0.38960278061417486,1.5216355201245595,8.84330089629045,4.850820299786101,16.04283926993357,18.17295188654403,9.167509555135446,25.578159161537727,44.06957071387592,22.261976127278487,22.1410002309837,23.543887670187612,19.44995230667153,S
-2.4948255054531265,5.3138321901161385,-8.517533386972792,15.176593469082828,11.03304463245194,10.627251420693858,16.407317010911544,8.245838693988869,14.382212969673388,12.501304673994621,19.255524479137407,27.73330510373669,19.43965682171668,15.892338525851915,32.75403236529664,22.261976127278487,60.333444449074356,26.41391958008365,1.4506810805813266,-2.645797038911871,K
-3.403331971990274,0.651513116147151,-2.0866786335669034,3.346430315431597,11.202337746018808,10.829616944752075,15.993542753705922,3.5085015162553184,11.100924763711639,15.014642750350735,11.953866633991659,20.10520135890113,26.130666063928526,17.11442403482763,28.528290824773272,22.1410002309837,26.41391958008365,49.17819660391991,36.308053883440564,28.089036037254665,G
-2.366887708355921,8.611011925981135,-6.89394962918006,20.35944607421399,17.3622876659309,19.47860702941668,21.678556204449603,12.938044928508447,-0.03235057790853697,17.442630684354366,-15.325188388465799,25.97068138115319,25.98629896748316,22.845476224813957,39.87758527223709,23.543887670187612,1.4506810805813266,36.308053883440564,76.34809268455982,47.356494553218745,E
-2.4605054215636355,15.521906212913212,-6.5009441160330095,21.948768564797007,23.566634009294784,22.68715975726872,28.370315596427787,14.619355074352796,-2.8283013095908554,16.052788930798645,-14.979591919370709,23.033224487827148,24.88902732463974,12.968564281568723,40.821305338183535,19.44995230667153,-2.645797038911871,28.089036037254665,47.356494553218745,71.10963192398921,D
