W,F,Y,C,I,V,L,M,H,T,R,P,Q,N,A,S,K,G,E,D,AA
-31.083665131372857,-48.88424789505868,-44.570110662294105,-33.03067514690105,-34.72183233185401,-29.8737682237456,-39.6463619956951,-41.532163638606924,-25.764473645571485,-16.89848084205317,-23.468211591771315,-26.499461817783892,-13.612821620731458,-8.980424639646433,-10.552036396343475,-9.659020975541488,-2.4948255054512782,-3.4033319719900867,-2.3668877083544237,-2.4605054215634987,W
-48.88424789505868,-21.52556952418766,-42.712105871084574,-34.277456810194316,-41.03913315697391,-35.689910167717656,-41.578715794663445,-44.24388521224164,-15.710830783567568,-13.088209752069352,-12.052092768031644,-10.280340840817763,-0.7272291055218667,-1.522001571932641,-11.359817105413782,-4.08739043804657,5.313832190117332,0.6515131161476649,8.611011925981483,15.521906212913587,F
-44.570110662294105,-42.712105871084574,-10.779642135151231,-21.316542535041766,-31.791002458806545,-26.596243664642838,-29.26194273712245,-34.9842313326342,-25.775639600005867,-14.049852767988883,-21.237409404230206,-21.936650524264866,-7.9157426936644795,-11.69046895317782,-6.982672605752584,-6.497747467325393,-8.517533386971301,-2.086678633566067,-6.893949629179189,-6.500944116032619,Y
-33.03067514690105,-34.277456810194316,-21.316542535041766,-42.662200017982954,-28.541478530360443,-25.220905783848035,-24.171235687651908,-30.071863102689722,-14.378798596267067,-6.75281308977472,-0.7222672646345235,-4.169789172952179,12.151589217008956,6.052871951239709,0.5829051345733416,2.3340091760798454,15.176593469084024,3.346430315432759,20.359446074214645,21.948768564800048,C
-34.72183233185401,-41.03913315697391,-31.791002458806545,-28.541478530360443,-15.02614964334746,-38.40087757100434,-40.704584180711876,-35.92372941674537,-1.8714732166892547,-9.450291046281475,-2.2592641228077577,2.158774396389298,7.930103902130026,12.672139941100797,-10.03442105082286,5.6274244110119085,11.033044632452114,11.20233774601922,17.36228766593125,23.56663400929515,I
-29.8737682237456,-35.689910167717656,-26.596243664642838,-25.220905783848035,-38.40087757100434,-5.8943206952293625,-34.045739742985376,-30.26542733488255,-2.19602637344205,-7.482012729296009,0.862878252233712,5.497069396894204,10.847614827057944,12.14269267902454,-8.203498755512094,8.64575419732445,10.627251420694494,10.829616944752274,19.478607029416693,22.68715975726923,V
-39.6463619956951,-41.578715794663445,-29.26194273712245,-24.171235687651908,-40.704584180711876,-34.045739742985376,-12.050466513370644,-34.24877833793614,-1.307404259143116,-3.369725320424847,-4.034629908809467,2.9428259627913356,7.564596275114248,14.446994443392533,-7.153720264594724,10.94553394445946,16.407317010911544,15.993542753706159,21.67855620444992,28.370315596427826,L
-41.532163638606924,-44.24388521224164,-34.9842313326342,-30.071863102689722,-35.92372941674537,-30.26542733488255,-34.24877833793614,-13.929885013032386,-13.923451662474594,-10.591657436021903,-7.916897286748951,-7.644847438473944,3.1022734516004298,3.436221953915962,-6.844607613707103,0.3896027806159068,8.245838693989587,3.508501516255527,12.938044928508537,14.619355074353486,M
-25.764473645571485,-15.710830783567568,-25.775639600005867,-14.378798596267067,-1.8714732166892547,-2.19602637344205,-1.307404259143116,-13.923451662474594,2.8685270301520585,-4.010739612951083,-3.761019930753339,1.906905760186623,7.273613261002035,2.1555038014968564,18.235676401549398,1.5216355201245844,14.382212969674462,11.10092476371263,-0.032350577907660084,-2.828301309590241,H
-16.89848084205317,-13.088209752069352,-14.049852767988883,-6.75281308977472,-9.450291046281475,-7.482012729296009,-3.369725320424847,-10.591657436021903,-4.010739612951083,29.464811744833735,0.8911812467644751,9.464179724988542,8.94340159086652,3.39784027378594,14.320194846651729,8.843300896291158,12.50130467399547,15.014642750350992,17.442630684354675,16.052788930799245,T
-23.468211591771315,-12.052092768031644,-21.237409404230206,-0.7222672646345235,-2.2592641228077577,0.862878252233712,-4.034629908809467,-7.916897286748951,-3.761019930753339,0.8911812467644751,26.04397821502942,-0.09284264934158477,3.2890386881677616,0.5878624473347662,16.01852511670391,4.850820299786226,19.255524479138163,11.953866633991844,-15.325188388465714,-14.979591919370176,R
-26.499461817783892,-10.280340840817763,-21.936650524264866,-4.169789172952179,2.158774396389298,5.497069396894204,2.9428259627913356,-7.644847438473944,1.906905760186623,9.464179724988542,-0.09284264934158477,36.75859851302864,12.186696383602108,12.894113044912,22.497198576038684,16.042839269933953,27.733305103737028,20.10520135890113,25.970681381153316,23.033224487827574,P
-13.612821620731458,-0.7272291055218667,-7.9157426936644795,12.151589217008956,7.930103902130026,10.847614827057944,7.564596275114248,3.1022734516004298,7.273613261002035,8.94340159086652,3.2890386881677616,12.186696383602108,42.05400970047701,11.964350483292078,26.943762050513055,18.172951886544038,19.439656821716717,26.1306660639288,25.986298967483425,24.889027324640058,Q
-8.980424639646433,-1.522001571932641,-11.69046895317782,6.052871951239709,12.672139941100797,12.14269267902454,14.446994443392533,3.436221953915962,2.1555038014968564,3.39784027378594,0.5878624473347662,12.894113044912,11.964350483292078,27.335989859108363,26.892140395891985,9.167509555135672,15.892338525852596,17.114424034828115,22.845476224814266,12.968564281569353,N
-10.552036396343475,-11.359817105413782,-6.982672605752584,0.5829051345733416,-10.03442105082286,-8.203498755512094,-7.153720264594724,-6.844607613707103,18.235676401549398,14.320194846651729,16.01852511670391,22.497198576038684,26.943762050513055,26.892140395891985,45.677128650588564,25.57815916153788,32.75403236529685,28.52829082477334,39.87758527223719,40.821305338183656,A
-9.659020975541488,-4.08739043804657,-6.497747467325393,2.3340091760798454,5.6274244110119085,8.64575419732445,10.94553394445946,0.3896027806159068,1.5216355201245844,8.843300896291158,4.850820299786226,16.042839269933953,18.172951886544038,9.167509555135672,25.57815916153788,44.069570713876,22.261976127278878,22.14100023098372,23.54388767018771,19.449952306671985,S
-2.4948255054512782,5.313832190117332,-8.517533386971301,15.176593469084024,11.033044632452114,10.627251420694494,16.407317010911544,8.245838693989587,14.382212969674462,12.50130467399547,19.255524479138163,27.733305103737028,19.439656821716717,15.892338525852596,32.75403236529685,22.261976127278878,60.33344444907534,26.413919580084023,1.4506810805818948,-2.6457970389114176,K
-3.4033319719900867,0.6515131161476649,-2.086678633566067,3.346430315432759,11.20233774601922,10.829616944752274,15.993542753706159,3.508501516255527,11.10092476371263,15.014642750350992,11.953866633991844,20.10520135890113,26.1306660639288,17.114424034828115,28.52829082477334,22.14100023098372,26.413919580084023,49.17819660392007,36.30805388344063,28.089036037254978,G
-2.3668877083544237,8.611011925981483,-6.893949629179189,20.359446074214645,17.36228766593125,19.478607029416693,21.67855620444992,12.938044928508537,-0.032350577907660084,17.442630684354675,-15.325188388465714,25.970681381153316,25.986298967483425,22.845476224814266,39.87758527223719,23.54388767018771,1.4506810805818948,36.30805388344063,76.34809268455996,47.35649455321884,E
-2.4605054215634987,15.521906212913587,-6.500944116032619,21.948768564800048,23.56663400929515,22.68715975726923,28.370315596427826,14.619355074353486,-2.828301309590241,16.052788930799245,-14.979591919370176,23.033224487827574,24.889027324640058,12.968564281569353,40.821305338183656,19.449952306671985,-2.6457970389114176,28.089036037254978,47.35649455321884,71.10963192398921,D
