W,F,Y,C,I,V,L,M,H,T,R,P,Q,N,A,S,K,G,E,D,AA
0.000328515111695138,0.0026341784655910436,0.0029644268774703555,0.0006572461386789353,0.0029644268774703555,0.0019743336623889436,0.003956478733926805,0.001644736842105263,0.0019743336623889436,0.0029644268774703555,0.0036255767963085037,0.001644736842105263,0.0013153567905294311,0.0006572461386789353,0.0026341784655910436,0.0006572461386789353,0.0009861932938856016,0.0019743336623889436,0.0013153567905294311,0.0006572461386789353,W
0.0026341784655910436,0.0009861932938856016,0.0032948929159802307,0.0009861932938856016,0.008612123219609143,0.008946322067594433,0.014323784143904063,0.005614266842800529,0.003956478733926805,0.003956478733926805,0.005946481665014866,0.006611570247933884,0.0026341784655910436,0.002304147465437788,0.007944389275074478,0.004618937644341801,0.001644736842105263,0.004287598944591029,0.003956478733926805,0.0026341784655910436,F
0.0029644268774703555,0.0032948929159802307,0.0019743336623889436,0.0006572461386789353,0.010620643876535016,0.008278145695364239,0.009280742459396751,0.0049504950495049506,0.0019743336623889436,0.0026341784655910436,0.007610853739245533,0.007277538868673503,0.004618937644341801,0.002304147465437788,0.006944444444444444,0.0009861932938856016,0.005282271376691978,0.005946481665014866,0.006611570247933884,0.006611570247933884,Y
0.0006572461386789353,0.0009861932938856016,0.0006572461386789353,0.0,0.0013153567905294311,0.0026341784655910436,0.0006572461386789353,0.000328515111695138,0.0,0.0013153567905294311,0.0013153567905294311,0.000328515111695138,0.000328515111695138,0.0006572461386789353,0.0009861932938856016,0.0013153567905294311,0.0013153567905294311,0.002304147465437788,0.0006572461386789353,0.0009861932938856016,C
0.0029644268774703555,0.008612123219609143,0.010620643876535016,0.0013153567905294311,0.007277538868673503,0.01669449081803005,0.02387357094821789,0.004618937644341801,0.0029644268774703555,0.006944444444444444,0.008946322067594433,0.004618937644341801,0.003956478733926805,0.004287598944591029,0.008612123219609143,0.004618937644341801,0.006944444444444444,0.0049504950495049506,0.0029644268774703555,0.0029644268774703555,I
0.0019743336623889436,0.008946322067594433,0.008278145695364239,0.0026341784655910436,0.01669449081803005,0.006944444444444444,0.02249832102081934,0.008612123219609143,0.0032948929159802307,0.007277538868673503,0.009615384615384616,0.006944444444444444,0.004287598944591029,0.0049504950495049506,0.013648468708388815,0.005614266842800529,0.006944444444444444,0.009950248756218905,0.005614266842800529,0.004287598944591029,V
0.003956478733926805,0.014323784143904063,0.009280742459396751,0.0006572461386789353,0.02387357094821789,0.02249832102081934,0.02078444518940664,0.005282271376691978,0.005614266842800529,0.010956175298804782,0.013648468708388815,0.008612123219609143,0.006278916060806345,0.007610853739245533,0.020100502512562814,0.006944444444444444,0.009280742459396751,0.011291929591497841,0.003956478733926805,0.006944444444444444,L
0.001644736842105263,0.005614266842800529,0.0049504950495049506,0.000328515111695138,0.004618937644341801,0.008612123219609143,0.005282271376691978,0.001644736842105263,0.002304147465437788,0.002304147465437788,0.007610853739245533,0.004618937644341801,0.0019743336623889436,0.002304147465437788,0.0049504950495049506,0.0019743336623889436,0.002304147465437788,0.004618937644341801,0.001644736842105263,0.0026341784655910436,M
0.0019743336623889436,0.003956478733926805,0.0019743336623889436,0.0,0.0029644268774703555,0.0032948929159802307,0.005614266842800529,0.002304147465437788,0.0006572461386789353,0.0032948929159802307,0.004287598944591029,0.0036255767963085037,0.0026341784655910436,0.003956478733926805,0.0036255767963085037,0.002304147465437788,0.0032948929159802307,0.004618937644341801,0.0036255767963085037,0.005282271376691978,H
0.0029644268774703555,0.003956478733926805,0.0026341784655910436,0.0013153567905294311,0.006944444444444444,0.007277538868673503,0.010956175298804782,0.002304147465437788,0.0032948929159802307,0.004618937644341801,0.007610853739245533,0.0049504950495049506,0.0019743336623889436,0.0049504950495049506,0.003956478733926805,0.002304147465437788,0.005614266842800529,0.004287598944591029,0.005282271376691978,0.0029644268774703555,T
0.0036255767963085037,0.005946481665014866,0.007610853739245533,0.0013153567905294311,0.008946322067594433,0.009615384615384616,0.013648468708388815,0.007610853739245533,0.004287598944591029,0.007610853739245533,0.005282271376691978,0.005282271376691978,0.005614266842800529,0.007277538868673503,0.007944389275074478,0.0049504950495049506,0.004618937644341801,0.007944389275074478,0.017034068136272545,0.014323784143904063,R
0.001644736842105263,0.006611570247933884,0.007277538868673503,0.000328515111695138,0.004618937644341801,0.006944444444444444,0.008612123219609143,0.004618937644341801,0.0036255767963085037,0.0049504950495049506,0.005282271376691978,0.0029644268774703555,0.0029644268774703555,0.0019743336623889436,0.0049504950495049506,0.0036255767963085037,0.002304147465437788,0.005282271376691978,0.003956478733926805,0.0026341784655910436,P
0.0013153567905294311,0.0026341784655910436,0.004618937644341801,0.000328515111695138,0.003956478733926805,0.004287598944591029,0.006278916060806345,0.0019743336623889436,0.0026341784655910436,0.0019743336623889436,0.005614266842800529,0.0029644268774703555,0.0009861932938856016,0.002304147465437788,0.004618937644341801,0.004618937644341801,0.0032948929159802307,0.004287598944591029,0.0029644268774703555,0.0026341784655910436,Q
0.0006572461386789353,0.002304147465437788,0.002304147465437788,0.0006572461386789353,0.004287598944591029,0.0049504950495049506,0.007610853739245533,0.002304147465437788,0.003956478733926805,0.0049504950495049506,0.007277538868673503,0.0019743336623889436,0.002304147465437788,0.001644736842105263,0.004618937644341801,0.0029644268774703555,0.004618937644341801,0.004287598944591029,0.0019743336623889436,0.004287598944591029,N
0.0026341784655910436,0.007944389275074478,0.006944444444444444,0.0009861932938856016,0.008612123219609143,0.013648468708388815,0.020100502512562814,0.0049504950495049506,0.0036255767963085037,0.003956478733926805,0.007944389275074478,0.0049504950495049506,0.004618937644341801,0.004618937644341801,0.005946481665014866,0.006944444444444444,0.005614266842800529,0.008612123219609143,0.008612123219609143,0.0049504950495049506,A
0.0006572461386789353,0.004618937644341801,0.0009861932938856016,0.0013153567905294311,0.004618937644341801,0.005614266842800529,0.006944444444444444,0.0019743336623889436,0.002304147465437788,0.002304147465437788,0.0049504950495049506,0.0036255767963085037,0.004618937644341801,0.0029644268774703555,0.006944444444444444,0.0013153567905294311,0.004287598944591029,0.003956478733926805,0.0049504950495049506,0.0032948929159802307,S
0.0009861932938856016,0.001644736842105263,0.005282271376691978,0.0013153567905294311,0.006944444444444444,0.006944444444444444,0.009280742459396751,0.002304147465437788,0.0032948929159802307,0.005614266842800529,0.004618937644341801,0.002304147465437788,0.0032948929159802307,0.004618937644341801,0.005614266842800529,0.004287598944591029,0.001644736842105263,0.006944444444444444,0.006278916060806345,0.009280742459396751,K
0.0019743336623889436,0.004287598944591029,0.005946481665014866,0.002304147465437788,0.0049504950495049506,0.009950248756218905,0.011291929591497841,0.004618937644341801,0.004618937644341801,0.004287598944591029,0.007944389275074478,0.005282271376691978,0.004287598944591029,0.004287598944591029,0.008612123219609143,0.003956478733926805,0.006944444444444444,0.0026341784655910436,0.003956478733926805,0.004618937644341801,G
0.0013153567905294311,0.003956478733926805,0.006611570247933884,0.0006572461386789353,0.0029644268774703555,0.005614266842800529,0.003956478733926805,0.001644736842105263,0.0036255767963085037,0.005282271376691978,0.017034068136272545,0.003956478733926805,0.0029644268774703555,0.0019743336623889436,0.008612123219609143,0.0049504950495049506,0.006278916060806345,0.003956478733926805,0.0026341784655910436,0.0032948929159802307,E
0.0006572461386789353,0.0026341784655910436,0.006611570247933884,0.0009861932938856016,0.0029644268774703555,0.004287598944591029,0.006944444444444444,0.0026341784655910436,0.005282271376691978,0.0029644268774703555,0.014323784143904063,0.0026341784655910436,0.0026341784655910436,0.004287598944591029,0.0049504950495049506,0.0032948929159802307,0.009280742459396751,0.004618937644341801,0.0032948929159802307,0.001644736842105263,D
