W,F,Y,C,I,V,L,M,H,T,R,P,Q,N,A,S,K,G,E,D,AA
0.0010556875164951175,0.0026434047052603755,0.002775941837409121,0.0006595435958316845,0.004236166269526079,0.0038375016540955404,0.00463514766256125,0.0014521452145214522,0.0023784355179704017,0.0021136063408190224,0.0034391534391534392,0.002775941837409121,0.0014521452145214522,0.0006595435958316845,0.004103242885506287,0.0010556875164951175,0.0009236046971896029,0.0023784355179704017,0.0018489170628631802,0.002246003435064077,W
0.0026434047052603755,0.007035709544670118,0.010388918486947256,0.0014521452145214522,0.012276487856952229,0.01200640341515475,0.020583882685322213,0.006501260448454292,0.004369124851052562,0.006234248574081443,0.005300821627352239,0.0038375016540955404,0.0034391534391534392,0.0037046837787774543,0.009582113388341761,0.004369124851052562,0.005034446210916799,0.006501260448454292,0.005034446210916799,0.0035719010451117873,F
0.002775941837409121,0.010388918486947256,0.0049013114319777455,0.0011878051999472086,0.007436918990703851,0.008642467756947214,0.01376453294133369,0.002775941837409121,0.0034391534391534392,0.006902044066896735,0.006768414067684141,0.0049013114319777455,0.003306440946964687,0.0037046837787774543,0.007972362476747276,0.0049013114319777455,0.0049013114319777455,0.006634819532908705,0.007303146992431284,0.005567338282078473,Y
0.0006595435958316845,0.0014521452145214522,0.0011878051999472086,0.0003956217855729922,0.0017166248514459263,0.0021136063408190224,0.002775941837409121,0.0009236046971896029,0.0011878051999472086,0.0011878051999472086,0.0005275652862041678,0.0013199577613516368,0.0007915567282321899,0.0007915567282321899,0.0018489170628631802,0.0006595435958316845,0.0011878051999472086,0.0014521452145214522,0.00026371308016877635,0.00026371308016877635,C
0.004236166269526079,0.012276487856952229,0.007436918990703851,0.0017166248514459263,0.007169410515135422,0.01376453294133369,0.021821120689655173,0.007436918990703851,0.003173763554615181,0.007035709544670118,0.0054340622929092116,0.004768211920529801,0.005034446210916799,0.00463514766256125,0.013358268768367619,0.004236166269526079,0.004768211920529801,0.005967378331786235,0.0038375016540955404,0.005700649608908922,I
0.0038375016540955404,0.01200640341515475,0.008642467756947214,0.0021136063408190224,0.01376453294133369,0.008240297713981925,0.02306136210384356,0.005700649608908922,0.003173763554615181,0.00463514766256125,0.006234248574081443,0.005967378331786235,0.003173763554615181,0.0038375016540955404,0.014578039320583122,0.0034391534391534392,0.003970354685018529,0.008910759409495943,0.00463514766256125,0.0035719010451117873,V
0.00463514766256125,0.020583882685322213,0.01376453294133369,0.002775941837409121,0.021821120689655173,0.02306136210384356,0.0211333961502221,0.009850905218317359,0.0054340622929092116,0.009044958765629156,0.009582113388341761,0.008910759409495943,0.006768414067684141,0.005300821627352239,0.021821120689655173,0.006234248574081443,0.007436918990703851,0.009850905218317359,0.007570726524106787,0.005567338282078473,L
0.0014521452145214522,0.006501260448454292,0.002775941837409121,0.0009236046971896029,0.007436918990703851,0.005700649608908922,0.009850905218317359,0.0013199577613516368,0.0018489170628631802,0.003306440946964687,0.0023784355179704017,0.002246003435064077,0.0013199577613516368,0.002775941837409121,0.004768211920529801,0.0021136063408190224,0.001981244221371021,0.002775941837409121,0.0018489170628631802,0.0021136063408190224,M
0.0023784355179704017,0.004369124851052562,0.0034391534391534392,0.0011878051999472086,0.003173763554615181,0.003173763554615181,0.0054340622929092116,0.0018489170628631802,0.0018489170628631802,0.0021136063408190224,0.0018489170628631802,0.0026434047052603755,0.002246003435064077,0.0025109026034095413,0.0035719010451117873,0.002908514013749339,0.002246003435064077,0.001981244221371021,0.0035719010451117873,0.0038375016540955404,H
0.0021136063408190224,0.006234248574081443,0.006902044066896735,0.0011878051999472086,0.007035709544670118,0.00463514766256125,0.009044958765629156,0.003306440946964687,0.0021136063408190224,0.0026434047052603755,0.005567338282078473,0.005034446210916799,0.001981244221371021,0.004369124851052562,0.007838448252956026,0.005034446210916799,0.004236166269526079,0.005567338282078473,0.00463514766256125,0.00463514766256125,T
0.0034391534391534392,0.005300821627352239,0.006768414067684141,0.0005275652862041678,0.0054340622929092116,0.006234248574081443,0.009582113388341761,0.0023784355179704017,0.0018489170628631802,0.005567338282078473,0.004103242885506287,0.004369124851052562,0.00610079575596817,0.004369124851052562,0.008642467756947214,0.004369124851052562,0.002775941837409121,0.006234248574081443,0.01173646305681515,0.010927505330490405,R
0.002775941837409121,0.0038375016540955404,0.0049013114319777455,0.0013199577613516368,0.004768211920529801,0.005967378331786235,0.008910759409495943,0.002246003435064077,0.0026434047052603755,0.005034446210916799,0.004369124851052562,0.0014521452145214522,0.003306440946964687,0.0037046837787774543,0.005967378331786235,0.004236166269526079,0.0034391534391534392,0.005034446210916799,0.0035719010451117873,0.004236166269526079,P
0.0014521452145214522,0.0034391534391534392,0.003306440946964687,0.0007915567282321899,0.005034446210916799,0.003173763554615181,0.006768414067684141,0.0013199577613516368,0.002246003435064077,0.001981244221371021,0.00610079575596817,0.003306440946964687,0.0015843675732770002,0.0034391534391534392,0.005167616271366106,0.0026434047052603755,0.003306440946964687,0.0034391534391534392,0.003306440946964687,0.0035719010451117873,Q
0.0006595435958316845,0.0037046837787774543,0.0037046837787774543,0.0007915567282321899,0.00463514766256125,0.0038375016540955404,0.005300821627352239,0.002775941837409121,0.0025109026034095413,0.004369124851052562,0.004369124851052562,0.0037046837787774543,0.0034391534391534392,0.0015843675732770002,0.005034446210916799,0.0030411212481819385,0.0025109026034095413,0.004236166269526079,0.0038375016540955404,0.0034391534391534392,N
0.004103242885506287,0.009582113388341761,0.007972362476747276,0.0018489170628631802,0.013358268768367619,0.014578039320583122,0.021821120689655173,0.004768211920529801,0.0035719010451117873,0.007838448252956026,0.008642467756947214,0.005967378331786235,0.005167616271366106,0.005034446210916799,0.008240297713981925,0.0049013114319777455,0.004768211920529801,0.008374318755815499,0.005567338282078473,0.0037046837787774543,A
0.0010556875164951175,0.004369124851052562,0.0049013114319777455,0.0006595435958316845,0.004236166269526079,0.0034391534391534392,0.006234248574081443,0.0021136063408190224,0.002908514013749339,0.005034446210916799,0.004369124851052562,0.004236166269526079,0.0026434047052603755,0.0030411212481819385,0.0049013114319777455,0.001981244221371021,0.003306440946964687,0.0037046837787774543,0.0038375016540955404,0.003306440946964687,S
0.0009236046971896029,0.005034446210916799,0.0049013114319777455,0.0011878051999472086,0.004768211920529801,0.003970354685018529,0.007436918990703851,0.001981244221371021,0.002246003435064077,0.004236166269526079,0.002775941837409121,0.0034391534391534392,0.003306440946964687,0.0025109026034095413,0.004768211920529801,0.003306440946964687,0.0021136063408190224,0.004103242885506287,0.006902044066896735,0.006634819532908705,K
0.0023784355179704017,0.006501260448454292,0.006634819532908705,0.0014521452145214522,0.005967378331786235,0.008910759409495943,0.009850905218317359,0.002775941837409121,0.001981244221371021,0.005567338282078473,0.006234248574081443,0.005034446210916799,0.0034391534391534392,0.004236166269526079,0.008374318755815499,0.0037046837787774543,0.004103242885506287,0.002246003435064077,0.004236166269526079,0.0030411212481819385,G
0.0018489170628631802,0.005034446210916799,0.007303146992431284,0.00026371308016877635,0.0038375016540955404,0.00463514766256125,0.007570726524106787,0.0018489170628631802,0.0035719010451117873,0.00463514766256125,0.01173646305681515,0.0035719010451117873,0.003306440946964687,0.0038375016540955404,0.005567338282078473,0.0038375016540955404,0.006902044066896735,0.004236166269526079,0.001981244221371021,0.0034391534391534392,E
0.002246003435064077,0.0035719010451117873,0.005567338282078473,0.00026371308016877635,0.005700649608908922,0.0035719010451117873,0.005567338282078473,0.0021136063408190224,0.0038375016540955404,0.00463514766256125,0.010927505330490405,0.004236166269526079,0.0035719010451117873,0.0034391534391534392,0.0037046837787774543,0.003306440946964687,0.006634819532908705,0.0030411212481819385,0.0034391534391534392,0.0009236046971896029,D
