W,F,Y,C,I,V,L,M,H,T,R,P,Q,N,A,S,K,G,E,D,AA
3.213512800211138,1.0035025112344702,0.9364177131526769,1.0034955810579078,1.4290000882534641,1.9436945877993914,1.1715335717123558,0.882904290429043,1.2046775898520086,0.7129898723029503,0.9485810485810486,1.6877726371447457,1.103993399339934,1.0034955810579078,1.5576935804103245,1.6062285563473213,0.9365351629502573,1.2046775898520086,1.4056391970417328,3.417294226449993,W
1.0035025112344702,7.1342094782954995,3.153036760788492,1.4724752475247525,1.4254891092361068,1.34204909284952,1.4370422284031927,1.1579892139952703,1.1042963061035351,1.5757063270990848,0.8914215036664016,0.5804221251819505,1.3055886243386245,1.607832759989415,1.2061485227575193,0.9459155302528797,3.060943296237414,1.5162939753625704,1.2724562798092212,1.3559829342505623,F
0.9364177131526769,3.153036760788492,2.4825142402967284,1.8072456117196778,0.7002324037184594,1.0440101050392234,1.483128424428705,0.5607402511566424,1.741931216931217,2.620188478895673,0.8893107527191945,0.6734847481303966,0.7158444650178548,1.607832759989415,1.1480201966516077,4.969929792025433,0.9278795204662869,1.1157554847841473,1.1046009826052317,0.8420599151643691,Y
1.0034955810579078,1.4724752475247525,1.8072456117196778,inf,1.3050640433117655,0.8023778071334214,4.223595505617977,2.811452698245151,inf,0.9030289032598653,0.40108150883671856,4.017951425554382,2.409498680738786,1.204353562005277,1.8748019017432647,0.5014180187310381,0.9030289032598653,0.6302310231023103,0.4012394514767932,0.2674050632911392,C
1.4290000882534641,1.4254891092361068,0.7002324037184594,1.3050640433117655,0.9851421812388356,0.824495523185888,0.9140283511413307,1.6100929614873838,1.0706162390901879,1.013142174432497,0.6074074074074074,1.032317880794702,1.2724562798092212,1.0810590548373624,1.5511005158346862,0.9171299973523961,0.6866225165562915,1.2054104230208196,1.294517224648229,1.9230191347386099,I
1.9436945877993914,1.34204909284952,1.0440101050392234,0.8023778071334214,0.824495523185888,1.186602870813397,1.0250259156006885,0.6619331218960013,0.9632372388257074,0.636911426541939,0.64836185170447,0.859302479777218,0.7402193151994791,0.7751753341272991,1.0681080516837,0.6125739184562714,0.5717310746426681,0.8955313206543423,0.8256015954256155,0.8330772283676108,V
1.1715335717123558,1.4370422284031927,1.483128424428705,4.223595505617977,0.9140283511413307,1.0250259156006885,1.0167890438082665,1.8648994941427048,0.9679023895840643,0.8255580546083339,0.7020650882580158,1.0346762560487788,1.0779589983585374,0.6964818677329768,1.0856007543103448,0.8977317946677279,0.80132802124834,0.8723845768339284,1.9135011289679906,0.8016967126193002,L
0.882904290429043,1.1579892139952703,0.5607402511566424,2.811452698245151,1.6100929614873838,0.6619331218960013,1.8648994941427048,0.8025343189017952,0.8024300052826202,1.4349953709826742,0.31250574501332845,0.4862597436913727,0.668558606124604,1.2047587574355585,0.9631788079470198,1.070541611624835,0.8598599920750231,0.6009914077990747,1.1241415742208136,0.8023778071334214,M
1.2046775898520086,1.1042963061035351,1.741931216931217,inf,1.0706162390901879,0.9632372388257074,0.9679023895840643,0.8024300052826202,2.8131273111463284,0.6414795244385733,0.43122434881547406,0.7290990796145436,0.8526390540362003,0.6346306330117616,0.9851952518971966,1.2622950819672132,0.6816620425419474,0.4289393739268261,0.9851952518971966,0.726487031890962,H
0.7129898723029503,1.5757063270990848,2.620188478895673,0.9030289032598653,1.013142174432497,0.636911426541939,0.8255580546083339,1.4349953709826742,0.6414795244385733,0.5722971186888713,0.7314998386278759,1.0169581346051935,1.0035001981244223,0.8825632199126175,1.9811677959346354,2.184949655537891,0.7545359684779392,1.2984745900970718,0.8774913918686266,1.563589811503995,T
0.9485810485810486,0.8914215036664016,0.8893107527191945,0.40108150883671856,0.6074074074074074,0.64836185170447,0.7020650882580158,0.31250574501332845,0.43122434881547406,0.7314998386278759,0.776795168762409,0.8271299483648881,1.086659385239507,0.6003574738514498,1.0878706289057307,0.8825632199126175,0.6009914077990747,0.7847360392625017,0.6889994194530307,0.7628923488867952,R
1.6877726371447457,0.5804221251819505,0.6734847481303966,4.017951425554382,1.032317880794702,0.859302479777218,1.0346762560487788,0.4862597436913727,0.7290990796145436,1.0169581346051935,0.8271299483648881,0.4898569856985699,1.1153727461094212,1.8764223339507806,1.2054104230208196,1.168411678340193,1.4925925925925927,0.9530835983041865,0.9027979891520043,1.608154620068838,P
1.103993399339934,1.3055886243386245,0.7158444650178548,2.409498680738786,1.2724562798092212,0.7402193151994791,1.0779589983585374,0.668558606124604,0.8526390540362003,1.0035001981244223,1.086659385239507,1.1153727461094212,1.6065487193028782,1.4925925925925927,1.118788922750762,0.5722971186888713,1.0035048274037826,0.8021164021164022,1.1153727461094212,1.3559829342505623,Q
1.0034955810579078,1.607832759989415,1.607832759989415,1.204353562005277,1.0810590548373624,0.7751753341272991,0.6964818677329768,1.2047587574355585,0.6346306330117616,0.8825632199126175,0.6003574738514498,1.8764223339507806,1.4925925925925927,0.9632954845524162,1.0899576046634871,1.0258715677200407,0.5436104136381656,0.9880043176310056,1.9436945877993914,0.8021164021164022,N
1.5576935804103245,1.2061485227575193,1.1480201966516077,1.8748019017432647,1.5511005158346862,1.0681080516837,1.0856007543103448,0.9631788079470198,0.9851952518971966,1.9811677959346354,1.0878706289057307,1.2054104230208196,1.118788922750762,1.0899576046634871,1.3857433989012937,0.7057888462047954,0.8493026879626022,0.9723872432233458,0.6464536259074966,0.7483461233130457,A
1.6062285563473213,0.9459155302528797,4.969929792025433,0.5014180187310381,0.9171299973523961,0.6125739184562714,0.8977317946677279,1.070541611624835,1.2622950819672132,2.184949655537891,0.8825632199126175,1.168411678340193,0.5722971186888713,1.0258715677200407,0.7057888462047954,1.5062409192973187,0.7711637654766871,0.9363588250860015,0.7751753341272991,1.0035048274037826,S
0.9365351629502573,3.060943296237414,0.9278795204662869,0.9030289032598653,0.6866225165562915,0.5717310746426681,0.80132802124834,0.8598599920750231,0.6816620425419474,0.7545359684779392,0.6009914077990747,1.4925925925925927,1.0035048274037826,0.5436104136381656,0.8493026879626022,0.7711637654766871,1.2850726552179657,0.5908669755129053,1.0992413340226064,0.714901804670913,K
1.2046775898520086,1.5162939753625704,1.1157554847841473,0.6302310231023103,1.2054104230208196,0.8955313206543423,0.8723845768339284,0.6009914077990747,0.4289393739268261,1.2984745900970718,0.7847360392625017,0.9530835983041865,0.8021164021164022,0.9880043176310056,0.9723872432233458,0.9363588250860015,0.5908669755129053,0.8526390540362003,1.0706910246227166,0.6584027502313897,G
1.4056391970417328,1.2724562798092212,1.1046009826052317,0.4012394514767932,1.294517224648229,0.8256015954256155,1.9135011289679906,1.1241415742208136,0.9851952518971966,0.8774913918686266,0.6889994194530307,0.9027979891520043,1.1153727461094212,1.9436945877993914,0.6464536259074966,0.7751753341272991,1.0992413340226064,1.0706910246227166,0.7521298375379739,1.0437830687830687,E
3.417294226449993,1.3559829342505623,0.8420599151643691,0.2674050632911392,1.9230191347386099,0.8330772283676108,0.8016967126193002,0.8023778071334214,0.726487031890962,1.563589811503995,0.7628923488867952,1.608154620068838,1.3559829342505623,0.8021164021164022,0.7483461233130457,1.0035048274037826,0.714901804670913,0.6584027502313897,1.0437830687830687,0.5615516558912785,D
