W|F|Y|C|I|V|L|M|H|T|R|P|Q|N|A|S|K|G|E|D|AA
14.090941164683885|21.263277471149582|-11.638819229600108|65.14843742298831|19.046602867037564|19.54952120937944|42.046327772446126|38.48351185115373|3.159836043063504|-7.689814993070293|7.9558204664733605|2.843108475483235|28.956135681797303|34.662556110491096|12.475646315505015|34.322435929304184|26.65533865822886|-2.4533303772747868|1.368549129897714|-8.20681410780236|W
21.263277471149582|-15.716739118657822|-22.158123430369944|8.791124677243694|-4.648945074088565|0.5845130352494285|3.130105579812417|-10.468266719214856|-32.19901621768356|-3.191957371585983|1.321041653532884|16.836021620190174|-6.425112363462183|-2.6108056869840803|1.5557067531359428|18.47215709284768|-19.301317641867755|-4.768016291203266|-17.566648513127646|3.173343164806547|F
-11.638819229600108|-22.158123430369944|-31.080758670942725|-1.6774267901299167|-4.6818274387969545|0.14892129385065753|-0.877362748692599|-9.903541640001185|-16.20363754728854|-18.218420400359204|-10.574129811384271|-11.335443101845758|-10.256999325823712|-11.170072532118418|-3.0082568519518085|-5.200173127109963|-20.521112248962808|-23.156151688597237|-31.432702926063477|-13.512548282121747|Y
65.14843742298831|8.791124677243694|-1.6774267901299167|71.58954152396969|14.281678912651207|2.0227000312690824|38.04588552781567|14.10417310959618|-29.359773829413243|10.276264135980892|24.22346926295408|-10.67110923993774|-14.619840509364874|-7.391385072742727|7.8982014921469075|9.90312099686195|-0.39940052000137444|-5.813524231642636|44.149805109203854|19.717014555649158|C
19.046602867037564|-4.648945074088565|-4.6818274387969545|14.281678912651207|8.196764280832221|7.482850848905284|11.72649028245666|-4.499222549168259|7.152035136567873|8.771184618036507|13.449340742934995|-10.533054913133247|1.5139353543299705|-10.30499061730718|-0.13374546832942039|13.109442935324012|-6.673921924526413|7.01130408504596|5.844120122129582|-12.451097440197685|I
19.54952120937944|0.5845130352494285|0.14892129385065753|2.0227000312690824|7.482850848905284|6.249946134255378|17.138110951832726|0.9418135563343298|5.583994678776054|8.097432956856307|6.796266426437832|-9.551811005918028|5.1793361403378295|-2.253687594196125|-1.656963021569519|24.438128846274005|0.7552211653694634|-1.917038531331063|0.11485325407684353|1.755376087859405|V
42.046327772446126|3.130105579812417|-0.877362748692599|38.04588552781567|11.72649028245666|17.138110951832726|15.824344257793824|8.235768252953866|4.109190677671824|13.73889422914772|11.36121580259051|6.383597467231302|12.536787180212409|-3.0072828588454024|7.608147816209749|26.383835947748647|-6.153176438376543|14.099423644483963|-11.38277632076058|6.742534948386286|L
38.48351185115373|-10.468266719214856|-9.903541640001185|14.10417310959618|-4.499222549168259|0.9418135563343298|8.235768252953866|-11.09728573040431|-24.031762074331905|-1.7415873514646951|-6.2296663806372665|17.604308205612163|15.638847016337893|-34.35176959694159|10.525144176350363|0.542812607033093|-3.199535873679128|-4.396027308690332|-2.666385507397886|1.72187540299291|M
3.159836043063504|-32.19901621768356|-16.20363754728854|-29.359773829413243|7.152035136567873|5.583994678776054|4.109190677671824|-24.031762074331905|-38.21164025417458|-6.265510003388849|-0.453888423671504|-4.943489047858323|-7.778934309874865|-27.99628527236519|-18.3984670163302|-9.19592302973918|-14.243089050831514|-9.052161295318802|-4.917448304646499|-30.197877536255373|H
-7.689814993070293|-3.191957371585983|-18.218420400359204|10.276264135980892|8.771184618036507|8.097432956856307|13.73889422914772|-1.7415873514646951|-6.265510003388849|21.88389816237847|-0.6523081478849785|-20.497224850290998|20.683093553084326|-4.231395811251669|-2.5683374644044696|9.962869172325707|-0.5431570382358861|-11.004622104438045|-16.956704699954013|-4.513221531643406|T
7.9558204664733605|1.321041653532884|-10.574129811384271|24.22346926295408|13.449340742934995|6.796266426437832|11.36121580259051|-6.2296663806372665|-0.453888423671504|-0.6523081478849785|-9.45729639148674|5.19840827395991|-2.0611008395237485|-8.180083179911422|0.059780054824749525|12.47055881497904|1.7912724729077747|6.760817183213338|-12.370005097690747|-0.5300349620814913|R
2.843108475483235|16.836021620190174|-11.335443101845758|-10.67110923993774|-10.533054913133247|-9.551811005918028|6.383597467231302|17.604308205612163|-4.943489047858323|-20.497224850290998|5.19840827395991|8.095595596875476|-17.873251240424658|-8.69571273994338|-6.733259887289744|-3.3915441049192427|-25.77811696912925|-2.06792126309315|-17.602275321588067|-23.59155039214084|P
28.956135681797303|-6.425112363462183|-10.256999325823712|-14.619840509364874|1.5139353543299705|5.1793361403378295|12.536787180212409|15.638847016337893|-7.778934309874865|20.683093553084326|-2.0611008395237485|-17.873251240424658|-9.31616755438492|-13.490212162789497|-17.12755364337331|2.2644643544783363|-19.532404649513573|-14.298645475222202|-16.278312692634913|-8.415098950426977|Q
34.662556110491096|-2.6108056869840803|-11.170072532118418|-7.391385072742727|-10.30499061730718|-2.253687594196125|-3.0072828588454024|-34.35176959694159|-27.99628527236519|-4.231395811251669|-8.180083179911422|-8.69571273994338|-13.490212162789497|-1.5560343177807257|-8.556823448672061|12.961292264453455|9.655787203802447|15.101814479702695|-16.382292378284905|-6.086831165730556|N
12.475646315505015|1.5557067531359428|-3.0082568519518085|7.8982014921469075|-0.13374546832942039|-1.656963021569519|7.608147816209749|10.525144176350363|-18.3984670163302|-2.5683374644044696|0.059780054824749525|-6.733259887289744|-17.12755364337331|-8.556823448672061|-1.7940901107376235|5.965747871766027|-12.284698234337903|-1.5045304650414597|-20.12812573536752|21.652865336494965|A
34.322435929304184|18.47215709284768|-5.200173127109963|9.90312099686195|13.109442935324012|24.438128846274005|26.383835947748647|0.542812607033093|-9.19592302973918|9.962869172325707|12.47055881497904|-3.3915441049192427|2.2644643544783363|12.961292264453455|5.965747871766027|1.2046530479697086|8.883228548238618|11.882675033795962|4.751419359979808|21.219847685264803|S
26.65533865822886|-19.301317641867755|-20.521112248962808|-0.39940052000137444|-6.673921924526413|0.7552211653694634|-6.153176438376543|-3.199535873679128|-14.243089050831514|-0.5431570382358861|1.7912724729077747|-25.77811696912925|-19.532404649513573|9.655787203802447|-12.284698234337903|8.883228548238618|-21.083219832319863|8.663455042525122|-22.630831000124676|-13.433028735875824|K
-2.4533303772747868|-4.768016291203266|-23.156151688597237|-5.813524231642636|7.01130408504596|-1.917038531331063|14.099423644483963|-4.396027308690332|-9.052161295318802|-11.004622104438045|6.760817183213338|-2.06792126309315|-14.298645475222202|15.101814479702695|-1.5045304650414597|11.882675033795962|8.663455042525122|4.810634097400735|-7.944695763743126|4.821375196211668|G
1.368549129897714|-17.566648513127646|-31.432702926063477|44.149805109203854|5.844120122129582|0.11485325407684353|-11.38277632076058|-2.666385507397886|-4.917448304646499|-16.956704699954013|-12.370005097690747|-17.602275321588067|-16.278312692634913|-16.382292378284905|-20.12812573536752|4.751419359979808|-22.630831000124676|-7.944695763743126|-2.8180474910749203|-32.38181181866801|E
-8.20681410780236|3.173343164806547|-13.512548282121747|19.717014555649158|-12.451097440197685|1.755376087859405|6.742534948386286|1.72187540299291|-30.197877536255373|-4.513221531643406|-0.5300349620814913|-23.59155039214084|-8.415098950426977|-6.086831165730556|21.652865336494965|21.219847685264803|-13.433028735875824|4.821375196211668|-32.38181181866801|-5.465413022287575|D
