W|F|Y|C|I|V|L|M|H|T|R|P|Q|N|A|S|K|G|E|D|AA
inf|41.75042864341375|24.33852794123838|18.734910499394903|32.83907507624042|35.9748872908172|23.508160944135632|61.966985361162216|-6.45601235107045|1.5269081600650498|49.04841988204998|13.832708324661732|12.645608324602028|-21.44197211390794|61.48637033584412|18.01190857210892|20.035812601839236|23.833015492758054|62.87314681106682|5.585658101400494|W
41.75042864341375|56.43339165393996|28.209881308896545|62.377597753650306|16.86012261634421|1.8831115836222847|5.475247496001769|29.648348967446136|inf|-10.911021858121932|-4.635426512955442|-19.311271113688438|2.4455575787225015|13.300596429212568|13.26316506502678|41.95563060285617|-3.9848487769912113|11.143385824993386|-6.256534676428019|-2.2227372498819142|F
24.33852794123838|28.209881308896545|23.929758316924907|inf|-6.543127497594338|3.2203965382666686|23.14561394998651|26.613308719507916|75.40395970027868|30.792303619979894|-27.839188959202577|-8.846922223502132|1.95604616505595|6.098610303005627|17.788002018026546|48.38629994929665|8.398127493304953|2.8579083478882734|0.7657881558350258|-34.65354359677253|Y
18.734910499394903|62.377597753650306|inf|inf|15.580277461024064|-21.34593475449692|25.8746266864429|7.484647053206548|inf|18.269541647415068|-0.005182699003672903|-9.372510691564884|inf|-6.0927865243698704|21.69067370134975|-6.407406360333316|-24.628052481959134|4.200091888620229|-2.263721814389537|-9.08738646237611|C
32.83907507624042|16.86012261634421|-6.543127497594338|15.580277461024064|-2.998510831624915|-3.3121500181844725|-0.5004116775980954|22.68260758615723|11.253506044965077|-5.4204128321649625|-10.324548443950698|-16.080194430345568|-1.7632151533646858|-18.396842355767447|10.507021596266938|11.411719145952548|-28.420215513980956|19.70423786410249|10.618929296423632|21.75337303459764|I
35.9748872908172|1.8831115836222847|3.2203965382666686|-21.34593475449692|-3.3121500181844725|0.6604157418469403|-0.9948984159824474|-15.368713800860945|-17.093440665356948|-1.5184154372776433|-10.512683021417537|-16.17133706230765|5.005609006640043|13.062781270680413|6.932609187232322|9.90047818512189|-15.555306191825801|-0.6184399829582158|-14.936761372316369|-4.081616217334568|V
23.508160944135632|5.475247496001769|23.14561394998651|25.8746266864429|-0.5004116775980954|-0.9948984159824474|18.144859324335286|14.827974320106577|-16.476534721618435|-1.047636472373866|5.459548208913224|14.376874978665471|32.63443396412416|-14.742061159973163|7.229725339593298|6.294452501613396|-14.16628028909542|-5.42957204985144|10.743416470320524|-12.200886281043898|L
61.966985361162216|29.648348967446136|26.613308719507916|7.484647053206548|22.68260758615723|-15.368713800860945|14.827974320106577|23.78052301028786|-10.239289865129061|3.5078653252755227|-20.60967821829387|-2.485075240523085|16.93744556471075|-17.083086761817544|6.2121485268300765|1.841411155405948|-1.9009373253062765|-6.439804309012449|20.817088002610603|-6.67052734943988|M
-6.45601235107045|inf|75.40395970027868|inf|11.253506044965077|-17.093440665356948|-16.476534721618435|-10.239289865129061|35.78683108782451|-18.000288304516616|-3.5018592534076824|15.543662124405843|-9.476658099246329|-54.78034768156176|-3.0819981514536585|74.49354961306555|-15.940812840202979|16.550242121683503|-3.6188497562736406|-15.215482997081747|H
1.5269081600650498|-10.911021858121932|30.792303619979894|18.269541647415068|-5.4204128321649625|-1.5184154372776433|-1.047636472373866|3.5078653252755227|-18.000288304516616|5.573370805183197|-0.481810640481028|-18.099087871771836|-5.318435104916589|-1.3533705445556223|-2.9087805348485585|14.737678346619756|-6.208151304002482|33.78633393645557|-16.70464951939766|1.3611260727969592|T
49.04841988204998|-4.635426512955442|-27.839188959202577|-0.005182699003672903|-10.324548443950698|-10.512683021417537|5.459548208913224|-20.60967821829387|-3.5018592534076824|-0.481810640481028|2.7557490993929212|-26.602315081809675|-19.66812591315578|-29.321078494562197|-10.180963267009355|13.76915736335189|-20.886162871225224|3.359759463963837|-34.95961544083156|-17.54674776802544|R
13.832708324661732|-19.311271113688438|-8.846922223502132|-9.372510691564884|-16.080194430345568|-16.17133706230765|14.376874978665471|-2.485075240523085|15.543662124405843|-18.099087871771836|-26.602315081809675|-27.403484384211108|13.528346874346314|16.906690677058915|11.634961377980614|28.010054009851732|-2.2946434591207625|7.449352904014709|-13.200253399218335|31.418966595726793|P
12.645608324602028|2.4455575787225015|1.95604616505595|inf|-1.7632151533646858|5.005609006640043|32.63443396412416|16.93744556471075|-9.476658099246329|-5.318435104916589|-19.66812591315578|13.528346874346314|25.56164118630725|-10.418736918373481|-0.19423500900804946|-11.927133095723129|-2.263721814389537|7.925915303984234|-6.761038525527055|-22.795110788083583|Q
-21.44197211390794|13.300596429212568|6.098610303005627|-6.0927865243698704|-18.396842355767447|13.062781270680413|-14.742061159973163|-17.083086761817544|-54.78034768156176|-1.3533705445556223|-29.321078494562197|16.906690677058915|-10.418736918373481|-17.866561674975994|-15.849687770958537|1.7660171519963155|-15.672403188301628|-11.354476953370288|-2.589820169082054|-12.706357222120188|N
61.48637033584412|13.26316506502678|17.788002018026546|21.69067370134975|10.507021596266938|6.932609187232322|7.229725339593298|6.2121485268300765|-3.0819981514536585|-2.9087805348485585|-10.180963267009355|11.634961377980614|-0.19423500900804946|-15.849687770958537|-2.3438321317660873|-16.143974183197916|-18.241166400826224|-6.900610879729922|-14.878673058627307|5.342337979299694|A
18.01190857210892|41.95563060285617|48.38629994929665|-6.407406360333316|11.411719145952548|9.90047818512189|6.294452501613396|1.841411155405948|74.49354961306555|14.737678346619756|13.76915736335189|28.010054009851732|-11.927133095723129|1.7660171519963155|-16.143974183197916|42.29725246354632|-17.118300109762295|22.456678905858684|-13.407448566616772|-0.20593191666859667|S
20.035812601839236|-3.9848487769912113|8.398127493304953|-24.628052481959134|-28.420215513980956|-15.555306191825801|-14.16628028909542|-1.9009373253062765|-15.940812840202979|-6.208151304002482|-20.886162871225224|-2.2946434591207625|-2.263721814389537|-15.672403188301628|-18.241166400826224|-17.118300109762295|-37.39374718951513|-30.286710051377852|-25.28308658011918|-20.929947223015972|K
23.833015492758054|11.143385824993386|2.8579083478882734|4.200091888620229|19.70423786410249|-0.6184399829582158|-5.42957204985144|-6.439804309012449|16.550242121683503|33.78633393645557|3.359759463963837|7.449352904014709|7.925915303984234|-11.354476953370288|-6.900610879729922|22.456678905858684|-30.286710051377852|18.603106306603586|-10.785365731192778|7.8928504406276785|G
62.87314681106682|-6.256534676428019|0.7657881558350258|-2.263721814389537|10.618929296423632|-14.936761372316369|10.743416470320524|20.817088002610603|-3.6188497562736406|-16.70464951939766|-34.95961544083156|-13.200253399218335|-6.761038525527055|-2.589820169082054|-14.878673058627307|-13.407448566616772|-25.28308658011918|-10.785365731192778|-28.819576149075836|-15.59301727172085|E
5.585658101400494|-2.2227372498819142|-34.65354359677253|-9.08738646237611|21.75337303459764|-4.081616217334568|-12.200886281043898|-6.67052734943988|-15.215482997081747|1.3611260727969592|-17.54674776802544|31.418966595726793|-22.795110788083583|-12.706357222120188|5.342337979299694|-0.20593191666859667|-20.929947223015972|7.8928504406276785|-15.59301727172085|13.442311431653406|D
