W,F,Y,C,I,V,L,M,H,T,R,P,Q,N,A,S,K,G,E,D,AA
inf,20.487151172264166,35.977347170838485,-46.41352692359339,13.792472209202849,16.425366081437762,-18.53816682831049,23.48347351000849,-9.61584839413395,9.216723153135336,41.092599415576615,10.989599849178497,-16.31052735719527,-56.10452822439903,49.010724020339104,-16.31052735719527,-6.619526056389631,26.286345870032847,61.504597681169095,13.792472209202849,W
20.487151172264166,72.15013077259778,50.36800473926648,53.586473076406605,21.50906769043277,1.2985985483728557,2.3451419161893496,40.116615686660985,inf,-7.71906448653595,-5.956468166488325,-36.14729273387861,8.87066994218469,15.911402116196657,11.70745831189084,23.48347351000849,15.316468864876535,15.911402116196657,11.310113836699628,-5.396080414688463,F
35.977347170838485,50.36800473926648,55.01051698786763,inf,-1.8613000587973856,3.071475244416013,24.022976698679116,36.51685035950911,91.6075972475672,49.010724020339104,-17.265059147818306,2.488520878343631,12.213045490879662,17.268682835124043,20.79625886997836,53.586473076406605,28.91923974226776,26.01406003648551,32.1984910818985,-21.14099531465078,Y
-46.41352692359339,53.586473076406605,inf,inf,1.2985985483728557,-23.368634785766,-12.17125884137277,-6.619526056389631,inf,7.993277511434177,-24.228651961957752,1.2985985483728557,inf,1.2985985483728557,13.792472209202849,-16.31052735719527,-24.228651961957752,10.013616120262864,-46.41352692359339,-28.804401018025267,C
13.792472209202849,21.50906769043277,-1.8613000587973856,1.2985985483728557,-11.195275112457136,-10.795000867089756,-12.22690196005476,27.18183013532549,4.1014709083972045,-14.191597450201463,-23.77388918688569,-5.547139517212321,-3.2771505076946617,-8.09185173846026,10.64076706459636,-1.6977237893714667,-21.74629358945453,12.692933779056531,4.77480917429405,34.20447047479532,I
16.425366081437762,1.2985985483728557,3.071475244416013,-23.368634785766,-10.795000867089756,-5.589530392408437,-18.133009367815173,-16.31052735719527,-22.677435344133,-9.61584839413395,-17.308949447855362,-6.619526056389631,-0.1737271336977816,15.316468864876535,8.589572208801846,-14.537650661152115,-16.31052735719527,1.2985985483728508,-15.051614626393212,-5.836992305193971,V
-18.53816682831049,2.3451419161893496,24.022976698679116,-12.17125884137277,-12.22690196005476,-18.133009367815173,2.320515066541461,6.592206067152705,-20.58572539929025,-14.786530701521585,-5.901667593677281,7.993277511434177,20.09764678391176,-11.734778301127765,-0.3784224766164504,-20.08938344613525,-8.01310385071888,-19.5289956943354,22.126192791081102,-18.94342122943019,L
23.48347351000849,40.116615686660985,36.51685035950911,-6.619526056389631,27.18183013532549,-16.31052735719527,6.592206067152705,34.87780874069217,13.792472209202849,5.24945267674022,-14.380011837656603,-20.08938344613525,1.2985985483728557,17.268682835124043,-4.312995649520283,1.2985985483728557,1.2985985483728557,-2.0437770003221214,23.48347351000849,-8.392402752432789,M
-9.61584839413395,inf,91.6075972475672,inf,4.1014709083972045,-22.677435344133,-20.58572539929025,13.792472209202849,73.99847134199908,-11.734778301127765,-3.0479708297361743,20.487151172264166,-1.6977237893714667,-26.78406240919657,15.316468864876535,83.68947264280473,-1.6977237893714667,25.6024034170023,1.2985985483728508,14.98239453917362,H
9.216723153135336,-7.71906448653595,49.010724020339104,7.993277511434177,-14.191597450201463,-9.61584839413395,-14.786530701521585,5.24945267674022,-11.734778301127765,-16.31052735719527,0.1704975074039484,2.3981369785191733,-26.001528658000915,2.878025266696042,-0.340443070444086,4.77480917429405,-5.664994265766592,44.79095604089361,0.2520551805563561,5.874347604440365,T
41.092599415576615,-5.956468166488325,-17.265059147818306,-24.228651961957752,-23.77388918688569,-17.308949447855362,-5.901667593677281,-14.380011837656603,-3.0479708297361743,0.1704975074039484,12.213045490879662,-31.800723355769588,-17.607025073632038,-21.14099531465078,-10.2407433218341,1.2985985483728557,-22.677435344133,-3.401057719249497,-22.589610343140816,-17.01671280594395,R
10.989599849178497,-36.14729273387861,2.488520878343631,1.2985985483728557,-5.547139517212321,-6.619526056389631,7.993277511434177,-20.08938344613525,20.487151172264166,2.3981369785191733,-31.800723355769588,-35.49907998108658,31.40159811477097,25.6024034170023,18.36822126527036,31.401598114770973,23.48347351000849,9.517274167107866,4.402021922369729,55.01051698786763,P
-16.31052735719527,8.87066994218469,12.213045490879662,inf,-3.2771505076946617,-0.1737271336977816,20.09764678391176,1.2985985483728557,-1.6977237893714667,-26.001528658000915,-17.607025073632038,31.40159811477097,34.87780874069217,3.071475244416013,16.93331863436526,-14.191597450201463,17.268682835124043,22.22456077920644,9.517274167107866,-14.380011837656603,Q
-56.10452822439903,15.911402116196657,17.268682835124043,1.2985985483728557,-8.09185173846026,15.316468864876535,-11.734778301127765,17.268682835124043,-26.78406240919657,2.878025266696042,-21.14099531465078,25.6024034170023,3.071475244416013,-16.31052735719527,-7.29286432228647,-11.195275112457136,-25.328190392104077,-26.456291433072977,13.792472209202856,-6.619526056389631,N
49.010724020339104,11.70745831189084,20.79625886997836,13.792472209202849,10.64076706459636,8.589572208801846,-0.3784224766164504,-4.312995649520283,15.316468864876535,-0.340443070444086,-10.2407433218341,18.36822126527036,16.93331863436526,-7.29286432228647,-0.5497420210284529,-22.109722054963942,-5.956468166488325,-5.396080414688463,5.24945267674022,-16.31052735719527,A
-16.31052735719527,23.48347351000849,53.586473076406605,-16.31052735719527,-1.6977237893714667,-14.537650661152115,-20.08938344613525,1.2985985483728557,83.68947264280473,4.77480917429405,1.2985985483728557,31.401598114770973,-14.191597450201463,-11.195275112457136,-22.109722054963942,41.092599415576615,-26.001528658000915,10.574003872062722,-18.158867926596585,-21.4257796019334,S
-6.619526056389631,15.316468864876535,28.91923974226776,-24.228651961957752,-21.74629358945453,-16.31052735719527,-8.01310385071888,1.2985985483728557,-1.6977237893714667,-5.664994265766592,-22.677435344133,23.48347351000849,17.268682835124043,-25.328190392104077,-5.956468166488325,-26.001528658000915,-16.31052735719527,-38.950165093902974,-2.652255579994503,-7.496918487140143,K
26.286345870032847,15.911402116196657,26.01406003648551,10.013616120262864,12.692933779056531,1.2985985483728508,-19.5289956943354,-2.0437770003221214,25.6024034170023,44.79095604089361,-3.401057719249497,9.517274167107866,22.22456077920644,-26.456291433072977,-5.396080414688463,10.574003872062722,-38.950165093902974,13.792472209202849,-2.8406699674496547,3.071475244416013,G
61.504597681169095,11.310113836699628,32.1984910818985,-46.41352692359339,4.77480917429405,-15.051614626393212,22.126192791081102,23.48347351000849,1.2985985483728508,0.2520551805563561,-22.589610343140816,4.402021922369729,9.517274167107866,13.792472209202856,5.24945267674022,-18.158867926596585,-2.652255579994503,-2.8406699674496547,-26.001528658000915,16.788794546947177,E
13.792472209202849,-5.396080414688463,-21.14099531465078,-28.804401018025267,34.20447047479532,-5.836992305193971,-18.94342122943019,-8.392402752432789,14.98239453917362,5.874347604440365,-17.01671280594395,55.01051698786763,-14.380011837656603,-6.619526056389631,-16.31052735719527,-21.4257796019334,-7.496918487140143,3.071475244416013,16.788794546947177,18.907724453940983,D
