W|F|Y|C|I|V|L|M|H|T|R|P|Q|N|A|S|K|G|E|D|AA
inf|41.75662942516849|24.28916353713477|18.782892337157453|32.91694354692124|36.036149358054686|23.55937534799724|62.019117042433116|-6.369753447322929|1.5483711574395564|49.089882171457546|13.889434005402821|12.674923769118204|-21.42198622281931|61.54812663165664|18.003497811335436|20.045699561814086|23.87087334194746|62.92631857877722|5.6758438021525865|W
41.75662942516849|56.48630723263094|28.249762310899012|62.47010186541804|16.912024582451465|1.8944095175448927|5.504659314885399|29.690775546063353|inf|-10.933341366000949|-4.568842657926238|-19.26986806196343|2.485725520324513|13.267081859880289|13.214814359259686|41.970278598833374|-4.007258123448869|11.080153173904005|-6.224044071605098|-2.1707122890080517|F
24.28916353713477|28.249762310899012|23.919343713262585|inf|-6.489412712714003|3.210831190515135|23.189625106988455|26.670335592575817|75.47688382848419|30.770834043699306|-27.781715195245223|-8.821596199096513|1.9783064380799025|6.06123336346421|17.78459704947197|48.35098904836633|8.362198201242746|2.8582220963623093|0.7628887388163258|-34.61481126340137|Y
18.782892337157453|62.47010186541804|inf|inf|15.68275045799345|-21.250314530431744|25.97247928357918|7.587120050175934|inf|18.33071226543665|0.0972902979657208|-9.287378261082738|inf|-5.9903135274004775|21.793146698319156|-6.304933363363931|-24.52557948498974|4.30256488558962|-2.16124881742014|-8.984913465406718|C
32.91694354692124|16.912024582451465|-6.489412712714003|15.68275045799345|-2.9203717286384583|-3.290802450316728|-0.4337853630608736|22.74915307294987|11.291236262815046|-5.455871612239762|-10.238867346220143|-16.046060469020006|-1.7218980983723071|-18.454724426602574|10.519892253222688|11.355979041934463|-28.403214889606115|19.721419171568275|10.647486800188746|21.71846730988586|I
36.036149358054686|1.8944095175448927|3.210831190515135|-21.250314530431744|-3.290802450316728|0.5841800966271623|-0.9994800365012201|-15.33414813891171|-17.075774272548443|-1.750008785369999|-10.458777965307597|-16.173745734658386|4.965911043492582|12.947517794652427|6.842167346696332|9.782701863492353|-15.641143288767752|-0.6683983635403105|-14.95966617973532|-4.218401405049258|V
23.55937534799724|5.504659314885399|23.189625106988455|25.97247928357918|-0.4337853630608736|-0.9994800365012201|18.192753292404184|14.880766341373736|-16.420026923708217|-1.1234177766771396|5.521958557913066|14.429865528631309|32.623074724028996|-14.72468621215827|7.2280305960809965|6.243557091321638|-14.183190520036765|-5.403501080779194|10.762727473022698|-12.229224973907659|L
62.019117042433116|29.690775546063353|26.670335592575817|7.587120050175934|22.74915307294987|-15.33414813891171|14.880766341373736|23.858747291836476|-10.176629963253774|3.516341134970333|-20.525582870878768|-2.4418208628403284|16.96417500955672|-17.001324040963237|6.228668412622807|1.8231908421162888|-1.8532372554991052|-6.348136001286581|20.84162955932572|-6.646323259783057|M
-6.369753447322929|inf|75.47688382848419|inf|11.291236262815046|-17.075774272548443|-16.420026923708217|-10.176629963253774|35.87091346491701|-18.010747464640904|-3.4383480845810666|15.53855170185258|-9.468131788043603|-54.83670497813081|-3.030981852672617|74.5129907032631|-15.89888557754882|16.61690882740841|-3.5684738693935847|-15.192417820236656|H
1.5483711574395564|-10.933341366000949|30.770834043699306|18.33071226543665|-5.455871612239762|-1.750008785369999|-1.1234177766771396|3.516341134970333|-18.010747464640904|5.057003918640619|-0.43806136545665747|-18.128879948117337|-5.453489762995167|-1.5788505193180262|-3.0735511540447584|14.472896939821212|-6.4238441856520225|33.7087349222483|-16.835917706517822|1.2327954360738276|T
49.089882171457546|-4.568842657926238|-27.781715195245223|0.0972902979657208|-10.238867346220143|-10.458777965307597|5.521958557913066|-20.525582870878768|-3.4383480845810666|-0.43806136545665747|2.8019881791564067|-26.546270007149186|-19.604449995942115|-29.340110827581796|-10.112946518313704|13.77995329245294|-20.82685723845339|3.444323409879306|-34.90043300509788|-17.492907976799284|R
13.889434005402821|-19.26986806196343|-8.821596199096513|-9.287378261082738|-16.046060469020006|-16.173745734658386|14.429865528631309|-2.4418208628403284|15.53855170185258|-18.128879948117337|-26.546270007149186|-27.3460510056838|13.538632513010793|16.916768118930474|11.637563720777045|27.974856669669133|-2.2540798784660367|7.467887162111624|-13.160941332797346|31.440034792497766|P
12.674923769118204|2.485725520324513|1.9783064380799025|inf|-1.7218980983723071|4.965911043492582|32.623074724028996|16.96417500955672|-9.468131788043603|-5.453489762995167|-19.604449995942115|13.538632513010793|25.58260024666857|-10.44966733820202|-0.1929274228783337|-11.99046374194664|-2.23490800772073|7.963482520467312|-6.744358173173155|-22.776447336380524|Q
-21.42198622281931|13.267081859880289|6.06123336346421|-5.9903135274004775|-18.454724426602574|12.947517794652427|-14.72468621215827|-17.001324040963237|-54.83670497813081|-1.5788505193180262|-29.340110827581796|16.916768118930474|-10.44966733820202|-17.911915777862752|-16.059507295251368|1.6667972370976416|-15.864061467454224|-11.456635000246076|-2.627401216120502|-12.800894567098482|N
61.54812663165664|13.214814359259686|17.78459704947197|21.793146698319156|10.519892253222688|6.842167346696332|7.2280305960809965|6.228668412622807|-3.030981852672617|-3.0735511540447584|-10.112946518313704|11.637563720777045|-0.1929274228783337|-16.059507295251368|-2.4075752521779807|-16.279220864591913|-18.31078881010529|-6.901206740218467|-14.902902810838922|5.217200105922464|A
18.003497811335436|41.970278598833374|48.35098904836633|-6.304933363363931|11.355979041934463|9.782701863492353|6.243557091321638|1.8231908421162888|74.5129907032631|14.472896939821212|13.77995329245294|27.974856669669133|-11.99046374194664|1.6667972370976416|-16.279220864591913|42.22527792631037|-17.240204783944314|22.4733794295425|-13.438355574599035|-0.262850424009779|S
20.045699561814086|-4.007258123448869|8.362198201242746|-24.52557948498974|-28.403214889606115|-15.641143288767752|-14.183190520036765|-1.8532372554991052|-15.89888557754882|-6.4238441856520225|-20.82685723845339|-2.2540798784660367|-2.23490800772073|-15.864061467454224|-18.31078881010529|-17.240204783944314|-37.37066991518919|-30.2790497139488|-25.30801586936432|-20.94640788565583|K
23.87087334194746|11.080153173904005|2.8582220963623093|4.30256488558962|19.721419171568275|-0.6683983635403105|-5.403501080779194|-6.348136001286581|16.61690882740841|33.7087349222483|3.444323409879306|7.467887162111624|7.963482520467312|-11.456635000246076|-6.901206740218467|22.4733794295425|-30.2790497139488|18.623568151692176|-10.761117586065035|7.925367601365214|G
62.92631857877722|-6.224044071605098|0.7628887388163258|-2.16124881742014|10.647486800188746|-14.95966617973532|10.762727473022698|20.84162955932572|-3.5684738693935847|-16.835917706517822|-34.90043300509788|-13.160941332797346|-6.744358173173155|-2.627401216120502|-14.902902810838922|-13.438355574599035|-25.30801586936432|-10.761117586065035|-28.863851943400874|-15.576373251679396|E
5.6758438021525865|-2.1707122890080517|-34.61481126340137|-8.984913465406718|21.71846730988586|-4.218401405049258|-12.229224973907659|-6.646323259783057|-15.192417820236656|1.2327954360738276|-17.492907976799284|31.440034792497766|-22.776447336380524|-12.800894567098482|5.217200105922464|-0.262850424009779|-20.94640788565583|7.925367601365214|-15.576373251679396|13.298025536422955|D
