W,F,Y,C,I,V,L,M,H,T,R,P,Q,N,A,S,K,G,E,D,AA
-10.477974009560914,-24.45025742818201,-53.63136145152876,37.51103083996558,-11.306294941844731,-6.86984000998249,6.273860543594914,6.409266857660059,-17.678410282933832,-21.24372112591604,-12.17352555090095,-21.905425617859827,18.0609483163554,30.20008510950613,3.559293694285763,29.528883998332432,25.593432965382483,-2.3798544617325645,-0.6484543580026451,-5.517627495177522,W
-24.45025742818201,-35.68169475840352,-64.38731312554641,-22.05658473616288,-43.91175737674007,-32.60202371733501,-35.455449449010025,-47.6066159334863,-44.58761584542725,-14.390546894365247,-5.983409209252123,8.260724616295768,-3.4855430886141403,-1.3834608072187995,-9.0140548725911,17.67339389416746,-10.31698196704178,-3.860400812060615,-5.445837033595917,17.305631023123432,F
-53.63136145152876,-64.38731312554641,-45.9242091251704,-26.05649146012933,-36.580407237234304,-26.980471906660508,-29.95780484989103,-40.08863272553891,-44.44825405357099,-34.29624559402279,-33.144174623770546,-34.37499571989307,-20.518826662081384,-24.3497741556816,-11.381765189858395,-13.626640036173193,-30.91598190614372,-27.653966757121708,-40.02512230356685,-24.005918195544425,Y
37.51103083996558,-22.05658473616288,-26.05649146012933,25.28906911656691,-11.031552156821848,-19.088970885788555,17.790821247249017,-5.809864018144531,-45.38773715731402,7.554594507185504,23.319469045258888,-11.939681532027484,-0.8528615225130636,0.3718283281339105,8.9492887240488,17.30975312252669,13.374302089578013,1.6737444122314749,64.94753980455789,42.4692407618128,C
-11.306294941844731,-43.91175737674007,-36.580407237234304,-11.031552156821848,-4.758675500986974,-28.19205605824463,-25.78769758859506,-33.33779910361358,5.794937060874149,1.334141952599048,14.296144130650504,-6.199143776290779,12.115238546794876,3.5418260603825344,-8.38620904280298,22.00374751044859,7.153849534992385,18.30122470918416,25.147877057652007,11.261040885567551,I
-6.86984000998249,-32.60202371733501,-26.980471906660508,-19.088970885788555,-28.19205605824463,2.001482478883924,-14.018692516876133,-21.59410994528451,5.400924035279435,1.7088117936340697,8.533645208778962,-3.1726606777549127,16.08116397689461,10.61117486447929,-8.607833899135501,33.994898581563625,14.22319833908896,8.88954864868165,19.30775622380313,24.129584387432715,V
6.273860543594914,-35.455449449010025,-29.95780484989103,17.790821247249017,-25.78769758859506,-14.018692516876133,7.5090026725627474,-17.80765728670955,5.010652851699876,12.359788951225068,11.32167577669369,11.103151207961368,23.47495987112423,14.619144032611803,3.1252310321242414,39.9116739720115,13.633709153931042,30.85086836348381,11.754674224505564,36.30455820069739,L
6.409266857660059,-47.6066159334863,-40.08863272553891,-5.809864018144531,-33.33779910361358,-21.59410994528451,-17.80765728670955,-8.513121023256884,-27.004498971611408,-5.313148641853699,-4.161077671602167,18.140537347376924,27.027927986278197,-24.5151449792876,9.422849990211471,8.392864101855801,14.14841436971224,4.8142485121467375,16.23664991668256,21.05847808031189,M
-17.678410282933832,-44.58761584542725,-44.44825405357099,-45.38773715731402,5.794937060874149,5.400924035279435,5.010652851699876,-27.004498971611408,-36.48081368351286,-8.718238179265297,-5.3385277378980645,-1.807871277395557,-1.635498210385966,-26.73495183719772,-0.0520235825608755,-5.657758526982356,-2.021138166121018,2.91144633318722,-7.8510272239135395,-37.318443294397525,H
-21.24372112591604,-14.390546894365247,-34.29624559402279,7.554594507185504,1.334141952599048,1.7088117936340697,12.359788951225068,-5.313148641853699,-8.718238179265297,50.91816406064428,2.0106083616274057,-9.94893117644548,30.017442757769118,0.2436487767244716,12.039577509778214,20.40004190825661,13.871017465867173,3.565903469650236,0.5446522434281906,9.24173930625996,T
-12.17352555090095,-5.983409209252123,-33.144174623770546,23.319469045258888,14.296144130650504,8.533645208778962,11.32167577669369,-4.161077671602167,-5.3385277378980645,2.0106083616274057,18.00407011688972,6.6933357923803545,-0.2698819941752627,-7.036368823027564,18.51619967535238,19.91307125969184,23.32051194259494,19.330778007726284,-32.44914205827912,-20.42704775259901,R
-21.905425617859827,8.260724616295768,-34.37499571989307,-11.939681532027484,-6.199143776290779,-3.1726606777549127,11.103151207961368,18.140537347376924,-1.807871277395557,-9.94893117644548,6.6933357923803545,46.25224664072704,-5.862513545310943,4.157693340847946,14.854083643755786,15.296423437471388,1.669971103716176,17.765882585899906,7.003409028799827,-0.7621337019070304,P
18.0609483163554,-3.4855430886141403,-20.518826662081384,-0.8528615225130636,12.115238546794876,16.08116397689461,23.47495987112423,27.027927986278197,-1.635498210385966,30.017442757769118,-0.2698819941752627,-5.862513545310943,30.62691142433903,-3.242004985952325,11.8856102856044,21.26799120225163,0.1390102408492158,11.030163738581104,7.175782095811203,12.373625146771245,Q
30.20008510950613,-1.3834608072187995,-24.3497741556816,0.3718283281339105,3.5418260603825344,10.61117486447929,14.619144032611803,-24.5151449792876,-26.73495183719772,0.2436487767244716,-7.036368823027564,4.157693340847946,-3.242004985952325,23.163044719666047,19.247468899156672,22.492681052897044,24.77202069483166,30.8327062351086,3.2297896390689678,3.2824187689118025,N
3.559293694285763,-9.0140548725911,-11.381765189858395,8.9492887240488,-8.38620904280298,-8.607833899135501,3.1252310321242414,9.422849990211471,-0.0520235825608755,12.039577509778214,18.51619967535238,14.854083643755786,11.8856102856044,19.247468899156672,42.16679984952948,32.29358709051242,22.99542190003915,24.1491503104063,20.35026956744571,61.34488133283491,A
29.528883998332432,17.67339389416746,-13.626640036173193,17.30975312252669,22.00374751044859,33.994898581563625,39.9116739720115,8.392864101855801,-5.657758526982356,20.40004190825661,19.91307125969184,15.296423437471388,21.26799120225163,22.492681052897044,32.29358709051242,47.34816346206968,32.692282454315844,34.148656327701566,28.710733965924423,39.602346164914856,S
25.593432965382483,-10.31698196704178,-30.91598190614372,13.374302089578013,7.153849534992385,14.22319833908896,13.633709153931042,14.14841436971224,-2.021138166121018,13.871017465867173,23.32051194259494,1.669971103716176,0.1390102408492158,24.77202069483166,22.99542190003915,32.692282454315844,41.2499601580841,35.91705539178874,-26.904113015386883,-20.858839210055635,K
-2.3798544617325645,-3.860400812060615,-27.653966757121708,1.6737444122314749,18.30122470918416,8.88954864868165,30.85086836348381,4.8142485121467375,2.91144633318722,3.565903469650236,19.330778007726284,17.765882585899906,11.030163738581104,30.8327062351086,24.1491503104063,34.148656327701566,35.91705539178874,48.312558425187,27.8595268628803,30.90847833046737,G
-0.6484543580026451,-5.445837033595917,-40.02512230356685,64.94753980455789,25.147877057652007,19.30775622380313,11.754674224505564,16.23664991668256,-7.8510272239135395,0.5446522434281906,-32.44914205827912,7.003409028799827,7.175782095811203,3.2297896390689678,20.35026956744571,28.710733965924423,-26.904113015386883,27.8595268628803,74.49961211720799,12.227880168605068,E
-5.517627495177522,17.305631023123432,-24.005918195544425,42.4692407618128,11.261040885567551,24.129584387432715,36.30455820069739,21.05847808031189,-37.318443294397525,9.24173930625996,-20.42704775259901,-0.7621337019070304,12.373625146771245,3.2824187689118025,61.34488133283491,39.602346164914856,-20.858839210055635,30.90847833046737,12.227880168605068,59.64594621266244,D
