W,F,Y,C,I,V,L,M,H,T,R,P,Q,N,A,S,K,G,E,D,AA
0.0004698767831054,0.0011921453165771,0.0008698014287673,0.0003546614979043,0.0018439993719745,0.0021699726337363,0.0032824335425911,0.0008664956932569,0.0006966548625241,0.001650209296565,0.0016945708800925,0.0013543806439329,0.001359766912282,0.001198849255724,0.0029212530417921,0.0017706952649575,0.0013477460558806,0.0022647755800865,0.0017676669338256,0.0015801878080269,W
0.0011921453165771,0.0030244375377855,0.0022067033837522,0.0008997832167524,0.004678262784116,0.0055052633798288,0.0083275986516172,0.0021983166675486,0.0017674271294519,0.004186613539817,0.0042991597523674,0.0034360904121426,0.0034497554812016,0.003041504212018,0.0074112765959178,0.0044922888185103,0.0034192583313703,0.0057457803249404,0.0044846058826875,0.0040089676420499,F
0.0008698014287673,0.0022067033837522,0.0016099905916943,0.0006564910473827,0.0034133084257349,0.0040166965276215,0.0060759012384283,0.0016039143481323,0.0012895329294698,0.0030545961033382,0.0031367109723206,0.0025070067451479,0.0025169769194433,0.0022191126135619,0.0054073432848168,0.0032776199163325,0.002494725886681,0.0041921801533102,0.0032720143676944,0.0029249838374979,Y
0.0003546614979043,0.0008997832167524,0.0006564910473827,0.0002676667505952,0.0013917763745182,0.0016378078490078,0.0024774484877469,0.0006539960115092,0.0005258070005827,0.0012455114393615,0.0012789937739154,0.0010222319003896,0.001026297238561,0.0009048430797126,0.0022048440088146,0.0013364493902188,0.0010172243808393,0.0017093612903865,0.0013341637279851,0.0011926620431322,C
0.0018439993719745,0.004678262784116,0.0034133084257349,0.0013917763745182,0.007236202976548,0.0085154905813881,0.0128810527291488,0.003400335930522,0.0027338399701788,0.0064758151802234,0.0066499006229754,0.0053149129337946,0.0053360499364841,0.0047045706415407,0.0114636942312037,0.0069486308798707,0.0052888772266191,0.0088875199720738,0.0069367469856547,0.0062010341452595,I
0.0021699726337363,0.0055052633798288,0.0040166965276215,0.0016378078490078,0.0085154905813881,0.0100207109353844,0.0151581027308253,0.0040014308176483,0.0032171149353213,0.0076205783666682,0.007825437789315,0.0062544574538959,0.0062793309533626,0.0055362218126415,0.0134901904747375,0.0081769761315639,0.006223819280733,0.0104586126298591,0.0081629914601899,0.0072972228736005,V
0.0032824335425911,0.0083275986516172,0.0060759012384283,0.0024774484877469,0.0128810527291488,0.0151581027308253,0.022928913324448,0.0060528093903154,0.0048664051379704,0.0115273536890769,0.0118372366018644,0.0094608755051571,0.0094985006842501,0.0083744282736643,0.0204060885477519,0.012368995034282,0.009414530327476,0.0158203381791534,0.0123478409636332,0.0110382263608677,L
0.0008664956932569,0.0021983166675486,0.0016039143481323,0.0006539960115092,0.003400335930522,0.0040014308176483,0.0060528093903154,0.0015977759420798,0.0012846319777631,0.0030429869170634,0.0031247897032768,0.002497478706968,0.0025074109889835,0.0022106787352932,0.0053867923336201,0.0032651631139077,0.0024852445226828,0.0041762475066849,0.0032595788695128,0.002913867250862,M
0.0006966548625241,0.0017674271294519,0.0012895329294698,0.0005258070005827,0.0027338399701788,0.0032171149353213,0.0048664051379704,0.0012846319777631,0.0010327984592986,0.0024465345285228,0.0025123032440826,0.0020079507593626,0.0020159362261293,0.0017773661224234,0.0043309333235326,0.0026251622228937,0.0019981145835597,0.0033576660048944,0.0026206725398617,0.0023427234605548,H
0.001650209296565,0.004186613539817,0.0030545961033382,0.0012455114393615,0.0064758151802234,0.0076205783666682,0.0115273536890769,0.0030429869170634,0.0024465345285228,0.00579517589541,0.005951047487352,0.0047563566816133,0.0047752723487604,0.0042101566448499,0.0102589486096489,0.0062183835041567,0.0047330571259428,0.0079535103450818,0.0062077485153315,0.0055493534056182,T
0.0016945708800925,0.0042991597523674,0.0031367109723206,0.0012789937739154,0.0066499006229754,0.007825437789315,0.0118372366018644,0.0031247897032768,0.0025123032440826,0.005951047487352,0.0061109425504709,0.004884218956209,0.0049036431218538,0.0043233357525261,0.0105347337519325,0.0063855485660672,0.0048602930526036,0.0081673197777668,0.0063746276832368,0.0056985333339698,R
0.0013543806439329,0.0034360904121426,0.0025070067451479,0.0010222319003896,0.0053149129337946,0.0062544574538959,0.0094608755051571,0.002497478706968,0.0020079507593626,0.0047563566816133,0.004884218956209,0.0039036305793329,0.0039192219145363,0.0034554130070528,0.0084198540469582,0.0051036303528967,0.0038845745029731,0.0065277055977818,0.0050949018703683,0.0045545355092577,P
0.001359766912282,0.0034497554812016,0.0025169769194433,0.001026297238561,0.0053360499364841,0.0062793309533626,0.0094985006842501,0.0025074109889835,0.0020159362261293,0.0047752723487604,0.0049036431218538,0.0039192219145363,0.0039347414660515,0.0034691549205956,0.0084533391632438,0.0051239271009036,0.0039000231589981,0.0065536657842412,0.005115163905867,0.004572648549021,Q
0.001198849255724,0.003041504212018,0.0022191126135619,0.0009048430797126,0.0047045706415407,0.0055362218126415,0.0083744282736643,0.0022106787352932,0.0017773661224234,0.0042101566448499,0.0043233357525261,0.0034554130070528,0.0034691549205956,0.0030585489030646,0.007452953350093,0.0045175508653858,0.0034384862723456,0.0057780912866281,0.0045098247251536,0.004031511768794,N
0.0029212530417921,0.0074112765959178,0.0054073432848168,0.0022048440088146,0.0114636942312037,0.0134901904747375,0.0204060885477519,0.0053867923336201,0.0043309333235326,0.0102589486096489,0.0105347337519325,0.0084198540469582,0.0084533391632438,0.007452953350093,0.0181605737753801,0.0110079804812395,0.0083786084316193,0.0140795572639533,0.0109891540853879,0.009823642097936,A
0.0017706952649575,0.0044922888185103,0.0032776199163325,0.0013364493902188,0.0069486308798707,0.0081769761315639,0.012368995034282,0.0032651631139077,0.0026251622228937,0.0062183835041567,0.0063855485660672,0.0051036303528967,0.0051239271009036,0.0045175508653858,0.0110079804812395,0.006672316353357,0.0050786296375407,0.0085342163185856,0.0066609919875163,0.0059545257800677,S
0.0013477460558806,0.0034192583313703,0.002494725886681,0.0010172243808393,0.0052888772266191,0.006223819280733,0.009414530327476,0.0024852445226828,0.0019981145835597,0.0047330571259428,0.0048602930526036,0.0038845745029731,0.0039000231589981,0.0034384862723456,0.0083786084316193,0.0050786296375407,0.0038654791684873,0.006495728887422,0.0050699439124794,0.0045322245976178,K
0.0022647755800865,0.0057457803249404,0.0041921801533102,0.0017093612903865,0.0088875199720738,0.0104586126298591,0.0158203381791534,0.0041762475066849,0.0033576660048944,0.0079535103450818,0.0081673197777668,0.0065277055977818,0.0065536657842412,0.0057780912866281,0.0140795572639533,0.0085342163185856,0.006495728887422,0.010915422777857,0.0085196206772715,0.0076160279211097,G
0.0017676669338256,0.0044846058826875,0.0032720143676944,0.0013341637279851,0.0069367469856547,0.0081629914601899,0.0123478409636332,0.0032595788695128,0.0026206725398617,0.0062077485153315,0.0063746276832368,0.0050949018703683,0.005115163905867,0.0045098247251536,0.0109891540853879,0.0066609919875163,0.0050699439124794,0.0085196206772715,0.0066495130661179,0.0059443420538489,E
0.0015801878080269,0.0040089676420499,0.0029249838374979,0.0011926620431322,0.0062010341452595,0.0072972228736005,0.0110382263608677,0.002913867250862,0.0023427234605548,0.0055493534056182,0.0056985333339698,0.0045545355092577,0.004572648549021,0.004031511768794,0.009823642097936,0.0059545257800677,0.0045322245976178,0.0076160279211097,0.0059443420538489,0.0053138061503261,D
