W|F|Y|C|I|V|L|M|H|T|R|P|Q|N|A|S|K|G|E|D|AA
0.00046987678310543644|0.00119214531657716|0.0008698014287673498|0.00035466149790433954|0.0018439993719745376|0.0021699726337363087|0.0032824335425911213|0.0008664956932569651|0.0006966548625241283|0.0016502092965650682|0.001694570880092537|0.0013543806439329583|0.0013597669122820464|0.001198849255724094|0.002921253041792177|0.0017706952649575477|0.001347746055880648|0.002264775580086569|0.0017676669338256568|0.0015801878080269217|W
0.00119214531657716|0.0030244375377855843|0.0022067033837522617|0.0008997832167524372|0.004678262784116048|0.00550526337982887|0.008327598651617264|0.002198316667548664|0.0017674271294519258|0.0041866135398170206|0.0042991597523674005|0.0034360904121426014|0.0034497554812016103|0.0030415042120180806|0.007411276595917871|0.004492288818510392|0.0034192583313703453|0.005745780324940442|0.004484605882687515|0.0040089676420499015|F
0.0008698014287673498|0.0022067033837522617|0.0016099905916943736|0.0006564910473827264|0.0034133084257349316|0.004016696527621506|0.006075901238428372|0.0016039143481323644|0.0012895329294698111|0.003054596103338282|0.0031367109723206476|0.002507006745147906|0.0025169769194433155|0.002219112613561999|0.0054073432848168665|0.0032776199163325965|0.0024947258866810282|0.004192180153310241|0.0032720143676944046|0.0029249838374979563|Y
0.00035466149790433954|0.0008997832167524372|0.0006564910473827264|0.00026766675059529063|0.0013917763745182937|0.001637807849007844|0.0024774484877469857|0.0006539960115092418|0.0005258070005827311|0.0012455114393615033|0.0012789937739154675|0.0010222319003896023|0.001026297238561084|0.0009048430797126506|0.002204844008814659|0.0013364493902188565|0.001017224380839322|0.0017093612903865865|0.001334163727985105|0.0011926620431322395|C
0.0018439993719745376|0.004678262784116048|0.0034133084257349316|0.0013917763745182937|0.007236202976548086|0.008515490581388197|0.012881052729148844|0.0034003359305220444|0.0027338399701788097|0.006475815180223465|0.006649900622975427|0.005314912933794668|0.005336049936484197|0.004704570641540784|0.011463694231203737|0.006948630879870795|0.005288877226619153|0.008887519972073864|0.006936746985654794|0.006201034145259581|I
0.0021699726337363087|0.00550526337982887|0.004016696527621506|0.001637807849007844|0.008515490581388197|0.010020710935384456|0.015158102730825304|0.004001430817648352|0.0032171149353213656|0.007620578366668293|0.007825437789315019|0.006254457453895944|0.0062793309533626905|0.005536221812641559|0.013490190474737535|0.008176976131563932|0.006223819280733041|0.010458612629859112|0.008162991460189924|0.007297222873600587|V
0.0032824335425911213|0.008327598651617264|0.006075901238428372|0.0024774484877469857|0.012881052729148844|0.015158102730825304|0.022928913324448068|0.006052809390315491|0.004866405137970484|0.01152735368907695|0.011837236601864493|0.009460875505157111|0.009498500684250127|0.008374428273664365|0.020406088547751996|0.012368995034282093|0.009414530327476014|0.01582033817915345|0.01234784096363323|0.011038226360867745|L
0.0008664956932569651|0.002198316667548664|0.0016039143481323644|0.0006539960115092418|0.0034003359305220444|0.004001430817648352|0.006052809390315491|0.0015977759420798725|0.0012846319777631674|0.0030429869170634357|0.003124789703276852|0.0024974787069680262|0.002507410988983517|0.0022106787352932657|0.00538679233362012|0.0032651631139077953|0.0024852445226828516|0.004176247506684945|0.00325957886951282|0.002913867250862061|M
0.0006966548625241283|0.0017674271294519258|0.0012895329294698111|0.0005258070005827311|0.0027338399701788097|0.0032171149353213656|0.004866405137970484|0.0012846319777631674|0.0010327984592986967|0.002446534528522896|0.0025123032440826833|0.002007950759362603|0.0020159362261293725|0.0017773661224234415|0.004330933323532692|0.0026251622228937203|0.0019981145835597583|0.0033576660048944187|0.00262067253986176|0.0023427234605548934|H
0.0016502092965650682|0.0041866135398170206|0.003054596103338282|0.0012455114393615033|0.006475815180223465|0.007620578366668293|0.01152735368907695|0.0030429869170634357|0.002446534528522896|0.005795175895410087|0.0059510474873520815|0.004756356681613333|0.00477527234876046|0.004210156644849926|0.010258948609648967|0.006218383504156764|0.004733057125942837|0.007953510345081898|0.006207748515331555|0.0055493534056182325|T
0.001694570880092537|0.0042991597523674005|0.0031367109723206476|0.0012789937739154675|0.006649900622975427|0.007825437789315019|0.011837236601864493|0.003124789703276852|0.0025123032440826833|0.0059510474873520815|0.0061109425504709625|0.00488421895620906|0.0049036431218538465|0.004323335752526147|0.010534733751932588|0.006385548566067205|0.00486029305260368|0.008167319777766807|0.006374627683236875|0.005698533333969866|R
0.0013543806439329583|0.0034360904121426014|0.002507006745147906|0.0010222319003896023|0.005314912933794668|0.006254457453895944|0.009460875505157111|0.0024974787069680262|0.002007950759362603|0.004756356681613333|0.00488421895620906|0.003903630579332918|0.003919221914536358|0.0034554130070528466|0.008419854046958237|0.005103630352896777|0.003884574502973159|0.006527705597781862|0.005094901870368356|0.004554535509257701|P
0.0013597669122820464|0.0034497554812016103|0.0025169769194433155|0.001026297238561084|0.005336049936484197|0.0062793309533626905|0.009498500684250127|0.002507410988983517|0.0020159362261293725|0.00477527234876046|0.0049036431218538465|0.003919221914536358|0.003934741466051555|0.0034691549205956083|0.008453339163243844|0.005123927100903621|0.0039000231589981595|0.00655366578424126|0.005115163905867022|0.004572648549021083|Q
0.001198849255724094|0.0030415042120180806|0.002219112613561999|0.0009048430797126506|0.004704570641540784|0.005536221812641559|0.008374428273664365|0.0022106787352932657|0.0017773661224234415|0.004210156644849926|0.004323335752526147|0.0034554130070528466|0.0034691549205956083|0.0030585489030646815|0.0074529533500930925|0.004517550865385862|0.0034384862723456683|0.005778091286628104|0.004509824725153665|0.004031511768794026|N
0.002921253041792177|0.007411276595917871|0.0054073432848168665|0.002204844008814659|0.011463694231203737|0.013490190474737535|0.020406088547751996|0.00538679233362012|0.004330933323532692|0.010258948609648967|0.010534733751932588|0.008419854046958237|0.008453339163243844|0.0074529533500930925|0.018160573775380134|0.011007980481239504|0.008378608431619309|0.014079557263953341|0.010989154085387937|0.009823642097936049|A
0.0017706952649575477|0.004492288818510392|0.0032776199163325965|0.0013364493902188565|0.006948630879870795|0.008176976131563932|0.012368995034282093|0.0032651631139077953|0.0026251622228937203|0.006218383504156764|0.006385548566067205|0.005103630352896777|0.005123927100903621|0.004517550865385862|0.011007980481239504|0.006672316353357029|0.005078629637540709|0.00853421631858567|0.0066609919875163|0.005954525780067798|S
0.001347746055880648|0.0034192583313703453|0.0024947258866810282|0.001017224380839322|0.005288877226619153|0.006223819280733041|0.009414530327476014|0.0024852445226828516|0.0019981145835597583|0.004733057125942837|0.00486029305260368|0.003884574502973159|0.0039000231589981595|0.0034384862723456683|0.008378608431619309|0.005078629637540709|0.0038654791684873207|0.006495728887422004|0.005069943912479442|0.004532224597617826|K
0.002264775580086569|0.005745780324940442|0.004192180153310241|0.0017093612903865865|0.008887519972073864|0.010458612629859112|0.01582033817915345|0.004176247506684945|0.0033576660048944187|0.007953510345081898|0.008167319777766807|0.006527705597781862|0.00655366578424126|0.005778091286628104|0.014079557263953341|0.00853421631858567|0.006495728887422004|0.010915422777857092|0.00851962067727159|0.007616027921109732|G
0.0017676669338256568|0.004484605882687515|0.0032720143676944046|0.001334163727985105|0.006936746985654794|0.008162991460189924|0.01234784096363323|0.00325957886951282|0.00262067253986176|0.006207748515331555|0.006374627683236875|0.005094901870368356|0.005115163905867022|0.004509824725153665|0.010989154085387937|0.0066609919875163|0.005069943912479442|0.00851962067727159|0.006649513066117914|0.0059443420538489|E
0.0015801878080269217|0.0040089676420499015|0.0029249838374979563|0.0011926620431322395|0.006201034145259581|0.007297222873600587|0.011038226360867745|0.002913867250862061|0.0023427234605548934|0.0055493534056182325|0.005698533333969866|0.004554535509257701|0.004572648549021083|0.004031511768794026|0.009823642097936049|0.005954525780067798|0.004532224597617826|0.007616027921109732|0.0059443420538489|0.0053138061503261785|D
