W|F|Y|C|I|V|L|M|H|T|R|P|Q|N|A|S|K|G|E|D|AA
0.0005980861244019139|0.0020933014354066986|0.0029904306220095694|0.00014952153110047846|0.0023923444976076554|0.002541866028708134|0.002840909090909091|0.0007476076555023923|0.0010466507177033493|0.0026913875598086126|0.002242822966507177|0.002242822966507177|0.0008971291866028708|0.0005980861244019139|0.0026913875598086126|0.0008971291866028708|0.0007476076555023923|0.0023923444976076554|0.0017942583732057417|0.0017942583732057417|W
0.0020933014354066986|0.00687799043062201|0.009718899521531101|0.0014952153110047847|0.012858851674641148|0.01166267942583732|0.018839712918660288|0.006578947368421052|0.004934210526315789|0.00583133971291866|0.004934210526315789|0.002840909090909091|0.0037380382775119617|0.0031399521531100478|0.009120813397129187|0.0029904306220095694|0.004336124401913876|0.0062799043062200955|0.005083732057416268|0.0026913875598086126|F
0.0029904306220095694|0.009718899521531101|0.0046351674641148324|0.0011961722488038277|0.007924641148325359|0.007476076555023923|0.012111244019138757|0.004037081339712919|0.0035885167464114833|0.0067284688995215315|0.0067284688995215315|0.005532296650717704|0.004037081339712919|0.00388755980861244|0.007027511961722488|0.004485645933014354|0.005083732057416268|0.007924641148325359|0.008223684210526315|0.005083732057416268|Y
0.00014952153110047846|0.0014952153110047847|0.0011961722488038277|0.00014952153110047846|0.0017942583732057417|0.002541866028708134|0.001644736842105263|0.0007476076555023923|0.0014952153110047847|0.0010466507177033493|0.0007476076555023923|0.0013456937799043063|0.0010466507177033493|0.0008971291866028708|0.0017942583732057417|0.0008971291866028708|0.0007476076555023923|0.001644736842105263|0.0002990430622009569|0.0004485645933014354|C
0.0023923444976076554|0.012858851674641148|0.007924641148325359|0.0017942583732057417|0.008074162679425838|0.01629784688995215|0.02332535885167464|0.007326555023923445|0.0023923444976076554|0.0062799043062200955|0.004784688995215311|0.006130382775119617|0.004037081339712919|0.004336124401913876|0.013905502392344497|0.004186602870813397|0.004485645933014354|0.00583133971291866|0.00388755980861244|0.004784688995215311|I
0.002541866028708134|0.01166267942583732|0.007476076555023923|0.002541866028708134|0.01629784688995215|0.009569377990430622|0.020933014354066987|0.006578947368421052|0.002840909090909091|0.007326555023923445|0.006429425837320574|0.0067284688995215315|0.004336124401913876|0.004336124401913876|0.01644736842105263|0.0037380382775119617|0.004485645933014354|0.008522727272727272|0.005233253588516747|0.004186602870813397|V
0.002840909090909091|0.018839712918660288|0.012111244019138757|0.001644736842105263|0.02332535885167464|0.020933014354066987|0.019288277511961723|0.009120813397129187|0.004336124401913876|0.008672248803827751|0.009120813397129187|0.007326555023923445|0.005532296650717704|0.005980861244019139|0.018989234449760764|0.004934210526315789|0.00687799043062201|0.00777511961722488|0.009419856459330144|0.004784688995215311|L
0.0007476076555023923|0.006578947368421052|0.004037081339712919|0.0007476076555023923|0.007326555023923445|0.006578947368421052|0.009120813397129187|0.00194377990430622|0.0023923444976076554|0.003438995215311005|0.003438995215311005|0.001644736842105263|0.0013456937799043063|0.00388755980861244|0.004336124401913876|0.0026913875598086126|0.0017942583732057417|0.0037380382775119617|0.002242822966507177|0.0017942583732057417|M
0.0010466507177033493|0.004934210526315789|0.0035885167464114833|0.0014952153110047847|0.0023923444976076554|0.002840909090909091|0.004336124401913876|0.0023923444976076554|0.0023923444976076554|0.0029904306220095694|0.002840909090909091|0.0020933014354066986|0.0020933014354066986|0.003289473684210526|0.004336124401913876|0.0029904306220095694|0.0020933014354066986|0.0031399521531100478|0.0031399521531100478|0.005532296650717704|H
0.0026913875598086126|0.00583133971291866|0.0067284688995215315|0.0010466507177033493|0.0062799043062200955|0.007326555023923445|0.008672248803827751|0.003438995215311005|0.0029904306220095694|0.0017942583732057417|0.005681818181818182|0.005980861244019139|0.0023923444976076554|0.004186602870813397|0.00777511961722488|0.00388755980861244|0.003438995215311005|0.007326555023923445|0.006130382775119617|0.004485645933014354|T
0.002242822966507177|0.004934210526315789|0.0067284688995215315|0.0007476076555023923|0.004784688995215311|0.006429425837320574|0.009120813397129187|0.003438995215311005|0.002840909090909091|0.005681818181818182|0.004037081339712919|0.004186602870813397|0.004934210526315789|0.005083732057416268|0.00687799043062201|0.004037081339712919|0.002840909090909091|0.005233253588516747|0.013456937799043063|0.009120813397129187|R
0.002242822966507177|0.002840909090909091|0.005532296650717704|0.0013456937799043063|0.006130382775119617|0.0067284688995215315|0.007326555023923445|0.001644736842105263|0.0020933014354066986|0.005980861244019139|0.004186602870813397|0.0013456937799043063|0.004485645933014354|0.0031399521531100478|0.005980861244019139|0.0035885167464114833|0.0037380382775119617|0.004336124401913876|0.004336124401913876|0.0046351674641148324|P
0.0008971291866028708|0.0037380382775119617|0.004037081339712919|0.0010466507177033493|0.004037081339712919|0.004336124401913876|0.005532296650717704|0.0013456937799043063|0.0020933014354066986|0.0023923444976076554|0.004934210526315789|0.004485645933014354|0.00194377990430622|0.0037380382775119617|0.006429425837320574|0.0031399521531100478|0.00388755980861244|0.005083732057416268|0.004336124401913876|0.003438995215311005|Q
0.0005980861244019139|0.0031399521531100478|0.00388755980861244|0.0008971291866028708|0.004336124401913876|0.004336124401913876|0.005980861244019139|0.00388755980861244|0.003289473684210526|0.004186602870813397|0.005083732057416268|0.0031399521531100478|0.0037380382775119617|0.0017942583732057417|0.004784688995215311|0.0026913875598086126|0.00194377990430622|0.002840909090909091|0.004186602870813397|0.0037380382775119617|N
0.0026913875598086126|0.009120813397129187|0.007027511961722488|0.0017942583732057417|0.013905502392344497|0.01644736842105263|0.018989234449760764|0.004336124401913876|0.004336124401913876|0.00777511961722488|0.00687799043062201|0.005980861244019139|0.006429425837320574|0.004784688995215311|0.00687799043062201|0.005233253588516747|0.004934210526315789|0.008074162679425838|0.00687799043062201|0.0023923444976076554|A
0.0008971291866028708|0.0029904306220095694|0.004485645933014354|0.0008971291866028708|0.004186602870813397|0.0037380382775119617|0.004934210526315789|0.0026913875598086126|0.0029904306220095694|0.00388755980861244|0.004037081339712919|0.0035885167464114833|0.0031399521531100478|0.0026913875598086126|0.005233253588516747|0.002242822966507177|0.0023923444976076554|0.00388755980861244|0.003438995215311005|0.0023923444976076554|S
0.0007476076555023923|0.004336124401913876|0.005083732057416268|0.0007476076555023923|0.004485645933014354|0.004485645933014354|0.00687799043062201|0.0017942583732057417|0.0020933014354066986|0.003438995215311005|0.002840909090909091|0.0037380382775119617|0.00388755980861244|0.00194377990430622|0.004934210526315789|0.0023923444976076554|0.0014952153110047847|0.002840909090909091|0.009419856459330144|0.007326555023923445|K
0.0023923444976076554|0.0062799043062200955|0.007924641148325359|0.001644736842105263|0.00583133971291866|0.008522727272727272|0.00777511961722488|0.0037380382775119617|0.0031399521531100478|0.007326555023923445|0.005233253588516747|0.004336124401913876|0.005083732057416268|0.002840909090909091|0.008074162679425838|0.00388755980861244|0.002840909090909091|0.0035885167464114833|0.004485645933014354|0.0037380382775119617|G
0.0017942583732057417|0.005083732057416268|0.008223684210526315|0.0002990430622009569|0.00388755980861244|0.005233253588516747|0.009419856459330144|0.002242822966507177|0.0031399521531100478|0.006130382775119617|0.013456937799043063|0.004336124401913876|0.004336124401913876|0.004186602870813397|0.00687799043062201|0.003438995215311005|0.009419856459330144|0.004485645933014354|0.0011961722488038277|0.004485645933014354|E
0.0017942583732057417|0.0026913875598086126|0.005083732057416268|0.0004485645933014354|0.004784688995215311|0.004186602870813397|0.004784688995215311|0.0017942583732057417|0.005532296650717704|0.004485645933014354|0.009120813397129187|0.0046351674641148324|0.003438995215311005|0.0037380382775119617|0.0023923444976076554|0.0023923444976076554|0.007326555023923445|0.0037380382775119617|0.004485645933014354|0.0013456937799043063|D
