W,F,Y,C,I,V,L,M,H,T,R,P,Q,N,A,S,K,G,E,D,AA
0.0005980861244019,0.0020933014354066,0.0029904306220095,0.0001495215311004,0.0023923444976076,0.0025418660287081,0.002840909090909,0.0007476076555023,0.0010466507177033,0.0026913875598086,0.0022428229665071,0.0022428229665071,0.0008971291866028,0.0005980861244019,0.0026913875598086,0.0008971291866028,0.0007476076555023,0.0023923444976076,0.0017942583732057,0.0017942583732057,W
0.0020933014354066,0.006877990430622,0.0097188995215311,0.0014952153110047,0.0128588516746411,0.0116626794258373,0.0188397129186602,0.006578947368421,0.0049342105263157,0.0058313397129186,0.0049342105263157,0.002840909090909,0.0037380382775119,0.00313995215311,0.0091208133971291,0.0029904306220095,0.0043361244019138,0.00627990430622,0.0050837320574162,0.0026913875598086,F
0.0029904306220095,0.0097188995215311,0.0046351674641148,0.0011961722488038,0.0079246411483253,0.0074760765550239,0.0121112440191387,0.0040370813397129,0.0035885167464114,0.0067284688995215,0.0067284688995215,0.0055322966507177,0.0040370813397129,0.0038875598086124,0.0070275119617224,0.0044856459330143,0.0050837320574162,0.0079246411483253,0.0082236842105263,0.0050837320574162,Y
0.0001495215311004,0.0014952153110047,0.0011961722488038,0.0001495215311004,0.0017942583732057,0.0025418660287081,0.0016447368421052,0.0007476076555023,0.0014952153110047,0.0010466507177033,0.0007476076555023,0.0013456937799043,0.0010466507177033,0.0008971291866028,0.0017942583732057,0.0008971291866028,0.0007476076555023,0.0016447368421052,0.0002990430622009,0.0004485645933014,C
0.0023923444976076,0.0128588516746411,0.0079246411483253,0.0017942583732057,0.0080741626794258,0.0162978468899521,0.0233253588516746,0.0073265550239234,0.0023923444976076,0.00627990430622,0.0047846889952153,0.0061303827751196,0.0040370813397129,0.0043361244019138,0.0139055023923444,0.0041866028708133,0.0044856459330143,0.0058313397129186,0.0038875598086124,0.0047846889952153,I
0.0025418660287081,0.0116626794258373,0.0074760765550239,0.0025418660287081,0.0162978468899521,0.0095693779904306,0.0209330143540669,0.006578947368421,0.002840909090909,0.0073265550239234,0.0064294258373205,0.0067284688995215,0.0043361244019138,0.0043361244019138,0.0164473684210526,0.0037380382775119,0.0044856459330143,0.0085227272727272,0.0052332535885167,0.0041866028708133,V
0.002840909090909,0.0188397129186602,0.0121112440191387,0.0016447368421052,0.0233253588516746,0.0209330143540669,0.0192882775119617,0.0091208133971291,0.0043361244019138,0.0086722488038277,0.0091208133971291,0.0073265550239234,0.0055322966507177,0.0059808612440191,0.0189892344497607,0.0049342105263157,0.006877990430622,0.0077751196172248,0.0094198564593301,0.0047846889952153,L
0.0007476076555023,0.006578947368421,0.0040370813397129,0.0007476076555023,0.0073265550239234,0.006578947368421,0.0091208133971291,0.0019437799043062,0.0023923444976076,0.003438995215311,0.003438995215311,0.0016447368421052,0.0013456937799043,0.0038875598086124,0.0043361244019138,0.0026913875598086,0.0017942583732057,0.0037380382775119,0.0022428229665071,0.0017942583732057,M
0.0010466507177033,0.0049342105263157,0.0035885167464114,0.0014952153110047,0.0023923444976076,0.002840909090909,0.0043361244019138,0.0023923444976076,0.0023923444976076,0.0029904306220095,0.002840909090909,0.0020933014354066,0.0020933014354066,0.0032894736842105,0.0043361244019138,0.0029904306220095,0.0020933014354066,0.00313995215311,0.00313995215311,0.0055322966507177,H
0.0026913875598086,0.0058313397129186,0.0067284688995215,0.0010466507177033,0.00627990430622,0.0073265550239234,0.0086722488038277,0.003438995215311,0.0029904306220095,0.0017942583732057,0.0056818181818181,0.0059808612440191,0.0023923444976076,0.0041866028708133,0.0077751196172248,0.0038875598086124,0.003438995215311,0.0073265550239234,0.0061303827751196,0.0044856459330143,T
0.0022428229665071,0.0049342105263157,0.0067284688995215,0.0007476076555023,0.0047846889952153,0.0064294258373205,0.0091208133971291,0.003438995215311,0.002840909090909,0.0056818181818181,0.0040370813397129,0.0041866028708133,0.0049342105263157,0.0050837320574162,0.006877990430622,0.0040370813397129,0.002840909090909,0.0052332535885167,0.013456937799043,0.0091208133971291,R
0.0022428229665071,0.002840909090909,0.0055322966507177,0.0013456937799043,0.0061303827751196,0.0067284688995215,0.0073265550239234,0.0016447368421052,0.0020933014354066,0.0059808612440191,0.0041866028708133,0.0013456937799043,0.0044856459330143,0.00313995215311,0.0059808612440191,0.0035885167464114,0.0037380382775119,0.0043361244019138,0.0043361244019138,0.0046351674641148,P
0.0008971291866028,0.0037380382775119,0.0040370813397129,0.0010466507177033,0.0040370813397129,0.0043361244019138,0.0055322966507177,0.0013456937799043,0.0020933014354066,0.0023923444976076,0.0049342105263157,0.0044856459330143,0.0019437799043062,0.0037380382775119,0.0064294258373205,0.00313995215311,0.0038875598086124,0.0050837320574162,0.0043361244019138,0.003438995215311,Q
0.0005980861244019,0.00313995215311,0.0038875598086124,0.0008971291866028,0.0043361244019138,0.0043361244019138,0.0059808612440191,0.0038875598086124,0.0032894736842105,0.0041866028708133,0.0050837320574162,0.00313995215311,0.0037380382775119,0.0017942583732057,0.0047846889952153,0.0026913875598086,0.0019437799043062,0.002840909090909,0.0041866028708133,0.0037380382775119,N
0.0026913875598086,0.0091208133971291,0.0070275119617224,0.0017942583732057,0.0139055023923444,0.0164473684210526,0.0189892344497607,0.0043361244019138,0.0043361244019138,0.0077751196172248,0.006877990430622,0.0059808612440191,0.0064294258373205,0.0047846889952153,0.006877990430622,0.0052332535885167,0.0049342105263157,0.0080741626794258,0.006877990430622,0.0023923444976076,A
0.0008971291866028,0.0029904306220095,0.0044856459330143,0.0008971291866028,0.0041866028708133,0.0037380382775119,0.0049342105263157,0.0026913875598086,0.0029904306220095,0.0038875598086124,0.0040370813397129,0.0035885167464114,0.00313995215311,0.0026913875598086,0.0052332535885167,0.0022428229665071,0.0023923444976076,0.0038875598086124,0.003438995215311,0.0023923444976076,S
0.0007476076555023,0.0043361244019138,0.0050837320574162,0.0007476076555023,0.0044856459330143,0.0044856459330143,0.006877990430622,0.0017942583732057,0.0020933014354066,0.003438995215311,0.002840909090909,0.0037380382775119,0.0038875598086124,0.0019437799043062,0.0049342105263157,0.0023923444976076,0.0014952153110047,0.002840909090909,0.0094198564593301,0.0073265550239234,K
0.0023923444976076,0.00627990430622,0.0079246411483253,0.0016447368421052,0.0058313397129186,0.0085227272727272,0.0077751196172248,0.0037380382775119,0.00313995215311,0.0073265550239234,0.0052332535885167,0.0043361244019138,0.0050837320574162,0.002840909090909,0.0080741626794258,0.0038875598086124,0.002840909090909,0.0035885167464114,0.0044856459330143,0.0037380382775119,G
0.0017942583732057,0.0050837320574162,0.0082236842105263,0.0002990430622009,0.0038875598086124,0.0052332535885167,0.0094198564593301,0.0022428229665071,0.00313995215311,0.0061303827751196,0.013456937799043,0.0043361244019138,0.0043361244019138,0.0041866028708133,0.006877990430622,0.003438995215311,0.0094198564593301,0.0044856459330143,0.0011961722488038,0.0044856459330143,E
0.0017942583732057,0.0026913875598086,0.0050837320574162,0.0004485645933014,0.0047846889952153,0.0041866028708133,0.0047846889952153,0.0017942583732057,0.0055322966507177,0.0044856459330143,0.0091208133971291,0.0046351674641148,0.003438995215311,0.0037380382775119,0.0023923444976076,0.0023923444976076,0.0073265550239234,0.0037380382775119,0.0044856459330143,0.0013456937799043,D
