W|F|Y|C|I|V|L|M|H|T|R|P|Q|N|A|S|K|G|E|D|AA
32.175311458966114|2.0723118925679915|-0.9240104451763295|-37.72168897463576|-4.622367070493326|20.256670687045247|20.256670687045247|4.875184252592349|4.875184252592349|16.685115460391806|-24.251831584890148|9.99043649733048|4.875184252592349|-7.618689408237644|12.338546082282768|9.99043649733048|-25.227815313805767|6.211580408390498|18.705454069220494|36.31457997478862|W
2.0723118925679915|70.19643563012671|60.050671554249014|57.70256196929672|18.287860003806866|5.548522518489192|19.587940564628813|12.338546082282768|11.763313193373643|15.426202729589741|-6.194645496776618|-33.14593991856825|4.875184252592349|13.94129062569784|6.399180908266036|-18.81606535263088|30.402434762922955|24.832419743112762|12.793308857354829|13.94129062569784|F
-0.9240104451763295|60.050671554249014|41.86631275977176|16.685115460391806|-0.9240104451763295|-11.569543536605012|15.18221642387984|-28.704025939726975|27.5995624028986|51.48777129441227|-13.417884106006323|-24.688312125135162|-7.618689408237652|35.517687007661074|4.554670265071206|76.89111459318805|6.648060948635509|2.072311892567997|12.793308857354829|-14.526781322567551|Y
-37.72168897463576|57.70256196929672|16.685115460391806|inf|18.705454069220494|-18.09222446023895|36.31457997478862|46.788115026789924|inf|-0.9240104451763199|-97.927688107432|46.788115026789924|32.175311458966114|9.99043649733048|18.705454069220494|-50.21556263546576|-28.030687673830123|-31.92249427686709|-37.72168897463576|-55.330814880203896|C
-4.622367070493326|18.287860003806866|-0.9240104451763295|18.705454069220494|-0.9240104451763199|-2.6340521437278768|-3.1983231590323005|29.17898912122179|7.8715065903366686|15.229243443299294|-18.09222446023895|16.6851154603918|16.6851154603918|14.566185553397984|26.51376964407777|8.654040341532324|-11.397545497177628|16.117402171222743|6.9941141595861565|34.97818381899047|I
20.256670687045247|5.548522518489192|-11.569543536605012|-18.09222446023895|-2.6340521437278768|-0.9240104451763295|-4.673191474410083|-24.758303192967784|-4.985795536002726|-3.839833319297669|-20.80744906460042|-11.397545497177628|-10.421561768262002|0.2994351965248309|6.591986766293736|-37.72168897463576|-27.076155883207086|1.3423880184180539|-19.269246315381366|-9.846328879352875|V
20.256670687045247|19.587940564628813|15.18221642387984|36.31457997478862|-3.1983231590323005|-4.673191474410083|12.338546082282761|22.48431015816047|-21.960903638468952|1.6567159154522269|-16.63635244314645|-5.688173888698982|3.2957575342691543|-14.526781322567551|5.487739515998571|-3.726882805200683|-14.676796836808379|-9.25773102705458|20.463971549331774|-19.158031278444604|L
4.875184252592349|12.338546082282768|-28.704025939726975|46.788115026789924|29.17898912122179|-24.758303192967784|22.48431015816047|-2.50343716349952|-17.30969070904329|20.256670687045247|-52.334492542459564|-34.24547834871456|-23.108885406811964|4.191241799561799|1.2754189254404562|0.2994351965248309|15.426202729589741|-14.676796836808379|-7.618689408237652|-14.31336837129897|M
4.875184252592349|11.763313193373643|27.5995624028986|inf|7.8715065903366686|-4.985795536002726|-21.960903638468952|-17.30969070904329|76.89111459318805|0.2994351965248309|-46.436706546525784|-15.536814013000136|6.9941141595861565|-12.194438464305165|4.8751842525923434|40.093436063728596|-26.807242032128965|-42.29743803070328|-4.985795536002726|-18.09222446023895|H
16.685115460391806|15.426202729589741|51.48777129441227|-0.9240104451763199|15.229243443299294|-3.839833319297669|1.6567159154522269|20.256670687045247|0.2994351965248309|-26.807242032128965|-6.359776677435597|-2.8762244154238377|-11.397545497177628|24.25718685420364|27.060059214227987|41.86631275977176|-3.839833319297669|29.1789891212218|-9.322023338115683|3.026843683191035|T
-24.251831584890148|-6.194645496776618|-13.417884106006323|-97.927688107432|-18.09222446023895|-20.80744906460042|-16.63635244314645|-52.334492542459564|-46.436706546525784|-6.359776677435597|-9.639028017066344|-17.30969070904329|3.496355804029023|-30.25832714494535|-12.395967587837713|-0.36362269337647607|-14.676796836808379|-0.9240104451763295|-19.11414097840755|-15.257523994583119|R
9.99043649733048|-33.14593991856825|-24.688312125135162|46.788115026789924|16.6851154603918|-11.397545497177628|-5.688173888698982|-34.24547834871456|-15.536814013000136|-2.8762244154238377|-17.30969070904329|-26.807242032128965|-4.622367070493326|7.5080781248272634|12.338546082282768|3.026843683191035|22.48431015816047|-4.622367070493326|-9.846328879352875|38.62111038165796|P
4.875184252592349|4.875184252592349|-7.618689408237652|32.175311458966114|16.6851154603918|-10.421561768262002|3.2957575342691543|-23.108885406811964|6.9941141595861565|-11.397545497177628|3.496355804029023|-4.622367070493326|16.685115460391806|7.8715065903366686|7.275211892969001|-20.112563069067647|5.643867119221447|-3.4794208924151437|4.191241799561799|3.2957575342691543|Q
-7.618689408237644|13.94129062569784|35.517687007661074|9.99043649733048|14.566185553397984|0.2994351965248309|-14.526781322567551|4.191241799561799|-12.194438464305165|24.25718685420364|-30.25832714494535|7.5080781248272634|7.8715065903366686|0.2994351965248309|7.5080781248272634|-3.0429403521701337|-20.11256306906764|15.105688742068605|30.402434762922955|5.643867119221447|N
12.338546082282768|6.399180908266036|4.554670265071206|18.705454069220494|26.51376964407777|6.591986766293736|5.487739515998571|1.2754189254404562|4.8751842525923434|27.060059214227987|-12.395967587837713|12.338546082282768|7.275211892969001|7.5080781248272634|22.48431015816047|-13.054455640496917|-2.50343716349952|-0.9240104451763199|-22.594921441570857|-25.227815313805767|A
9.99043649733048|-18.81606535263088|76.89111459318805|-50.21556263546576|8.654040341532324|-37.72168897463576|-3.726882805200683|0.2994351965248309|40.093436063728596|41.86631275977176|-0.36362269337647607|3.026843683191035|-20.112563069067647|-3.0429403521701337|-13.054455640496917|2.072311892567997|-25.227815313805767|6.648060948635509|-25.227815313805767|-21.75160468788458|S
-25.227815313805767|30.402434762922955|6.648060948635509|-28.030687673830123|-11.397545497177628|-27.076155883207086|-14.676796836808379|15.426202729589741|-26.807242032128965|-3.839833319297669|-14.676796836808379|22.48431015816047|5.643867119221447|-20.11256306906764|-2.50343716349952|-25.227815313805767|9.99043649733048|-20.972580245259397|-0.5605819796669261|-11.00451613433439|K
6.211580408390498|24.832419743112762|2.072311892567997|-31.92249427686709|16.117402171222743|1.3423880184180539|-9.25773102705458|-14.676796836808379|-42.29743803070328|29.1789891212218|-0.9240104451763295|-4.622367070493326|-3.4794208924151437|15.105688742068605|-0.9240104451763199|6.648060948635509|-20.972580245259397|-4.142478782316447|8.142095927929168|-12.194438464305165|G
18.705454069220494|12.793308857354829|12.793308857354829|-37.72168897463576|6.9941141595861565|-19.269246315381366|20.463971549331774|-7.618689408237652|-4.985795536002726|-9.322023338115683|-19.11414097840755|-9.846328879352875|4.191241799561799|30.402434762922955|-22.594921441570857|-25.227815313805767|-0.5605819796669261|8.142095927929168|-11.397545497177628|-9.467029977638957|E
36.31457997478862|13.94129062569784|-14.526781322567551|-55.330814880203896|34.97818381899047|-9.846328879352875|-19.158031278444604|-14.31336837129897|-18.09222446023895|3.026843683191035|-15.257523994583119|38.62111038165796|3.2957575342691543|5.643867119221447|-25.227815313805767|-21.75160468788458|-11.00451613433439|-12.194438464305165|-9.467029977638957|-0.9240104451763199|D
