W,F,Y,C,I,V,L,M,H,T,R,P,Q,N,A,S,K,G,E,D,AA
-5.032950516779273,6.844377825506625,-20.986651867582285,24.672108797621245,12.1014439469348,6.654605183477296,30.8569223953964,7.278232978081744,-7.14512885777576,-5.5348511970916565,-0.0914323334597818,3.71152073422565,7.615944230255144,28.57948802313677,1.0020445181313962,22.625803402852856,28.91038065766401,6.996855055614415,-1.3502304896529942,-6.147097324975629,W
6.844377825506625,-16.710293205087055,-24.479046537909625,2.4333594942152934,-6.284587946676065,0.5969391997019281,-4.415240674136972,-15.92790707493997,-24.858345439623537,-6.13129402320823,-1.2697795354041186,7.10838744212747,6.439569296472595,-13.035705446842467,-5.025500572822366,13.604692628634467,-14.902875172485103,-9.153269929726742,-16.907074004779833,-14.335055541048792,F
-20.986651867582285,-24.479046537909625,-29.4088374736414,-8.523739531361768,-2.754753391833688,1.7028645594123475,-4.038148135679069,3.508622114975577,-9.469324671875524,-20.02971864921046,-6.296100060246543,-3.2200798514392077,-0.4212052313900968,-18.77428389135736,-7.2155467677317136,-14.5705326733659,-11.799711568073276,-17.5508382496562,-27.978176206887355,-11.363666369306426,Y
24.672108797621245,2.4333594942152934,-8.523739531361768,52.34616218394569,7.392120111139948,13.741139333252486,27.206747058315397,-10.403602551351335,-18.06632736627988,2.4092868545044754,82.78415640010729,-7.20593077075012,-9.74495522013746,-16.086520209940748,1.6139991452155833,28.717666466747684,-10.473518501289586,2.0611531411131225,37.95378881644628,31.47049992505168,C
12.1014439469348,-6.284587946676065,-2.754753391833688,7.392120111139948,2.0673943494576026,11.791932421908054,10.822784226929366,-9.21682716882516,-9.584698771909714,-1.6293264711154432,5.601478903215783,-10.229303528671563,-16.815881755919023,-19.34907754660203,-0.5393297911446161,-4.188205459674791,-15.064112694466376,-0.32095209973577,-0.4687780163421831,-17.323238910483106,I
6.654605183477296,0.5969391997019281,1.7028645594123475,13.741139333252486,11.791932421908054,18.896394487864697,14.467196726264495,7.973657109484603,7.451389734246148,32.34853977864775,14.832846405158268,-1.3602569119970354,26.718870373690034,0.5175818799123415,3.509052077584205,32.54478133314835,10.658752859457984,-9.445295652276258,10.278206229887344,15.835779839059274,V
30.8569223953964,-4.415240674136972,-4.038148135679069,27.206747058315397,10.822784226929366,14.467196726264495,10.180914513183083,3.8979741254478415,7.935081616470143,9.108966617639302,11.634363623330904,1.2084489427205738,6.429967172090619,4.491334847280064,2.6508235001589986,10.722913762184731,2.4105616229326032,5.34510947486475,1.7248857454788535,16.36512038675858,L
7.278232978081744,-15.92790707493997,3.508622114975577,-10.403602551351335,-9.21682716882516,7.973657109484603,3.8979741254478415,-3.130626785436235,3.3047711197971257,-2.8413371349885903,6.643018590147627,3.6775339463763537,18.99512025938696,-33.56313816163652,4.258764487670611,4.753974507595857,-22.382303618391777,3.4422303636932794,1.8567788901144933,-4.710053503759423,M
-7.14512885777576,-24.858345439623537,-9.469324671875524,-18.06632736627988,-9.584698771909714,7.451389734246148,7.935081616470143,3.3047711197971257,-36.45209468897449,11.874318933696872,26.00422194018912,-10.74648890460215,-13.950215048388188,-24.26865443132407,-14.285783287437823,-12.663937228031129,0.4338730520066162,24.81321179356417,0.9865177114715808,-12.30766412100077,H
-5.5348511970916565,-6.13129402320823,-20.02971864921046,2.4092868545044754,-1.6293264711154432,32.34853977864775,9.108966617639302,-2.8413371349885903,11.874318933696872,25.70951747395175,-2.934113109913133,-12.190366417851813,29.586830753531096,-5.047357366534991,2.076442508702937,0.4790077493914135,-5.552202155448829,6.303570116216825,1.5195090113813223,1.646963601520102,T
-0.0914323334597818,-1.2697795354041186,-6.296100060246543,82.78415640010729,5.601478903215783,14.832846405158268,11.634363623330904,6.643018590147627,26.00422194018912,-2.934113109913133,-3.908982820483194,7.424897054726191,-7.897046245592232,11.55209273232582,-0.8737396002553679,4.630341060512265,4.577480579243591,1.5336634800767577,-6.225540421345672,-1.0660208065815988,R
3.71152073422565,7.10838744212747,-3.2200798514392077,-7.20593077075012,-10.229303528671563,-1.3602569119970354,1.2084489427205738,3.6775339463763537,-10.74648890460215,-12.190366417851813,7.424897054726191,4.377056978805087,5.865488519836624,-4.78370734027015,-10.820774760708868,-10.088355905758588,-19.84426842571172,-8.765998398755142,-2.073286571836857,-22.39319638197793,P
7.615944230255144,6.439569296472595,-0.4212052313900968,-9.74495522013746,-16.815881755919023,26.718870373690034,6.429967172090619,18.99512025938696,-13.950215048388188,29.586830753531096,-7.897046245592232,5.865488519836624,8.31670350757726,-11.757649145230468,-7.244329931687007,5.509123093107375,-10.186600036351544,-2.139326728310251,-7.278102699599397,-4.373772789548392,Q
28.57948802313677,-13.035705446842467,-18.77428389135736,-16.086520209940748,-19.34907754660203,0.5175818799123415,4.491334847280064,-33.56313816163652,-24.26865443132407,-5.047357366534991,11.55209273232582,-4.78370734027015,-11.757649145230468,-9.425031503130164,-15.705677008574003,-2.51459591495439,-8.809624166552469,-6.555803976354224,-14.453213365751228,0.6542758678282071,N
1.0020445181313962,-5.025500572822366,-7.2155467677317136,1.6139991452155833,-0.5393297911446161,3.509052077584205,2.6508235001589986,4.258764487670611,-14.285783287437823,2.076442508702937,-0.8737396002553679,-10.820774760708868,-7.244329931687007,-15.705677008574003,-10.962667222885113,1.9795188159671464,-4.74316278964323,-5.397527698234825,-8.086504729518634,18.833958096471846,A
22.625803402852856,13.604692628634467,-14.5705326733659,28.717666466747684,-4.188205459674791,32.54478133314835,10.722913762184731,4.753974507595857,-12.663937228031129,0.4790077493914135,4.630341060512265,-10.088355905758588,5.509123093107375,-2.51459591495439,1.9795188159671464,3.7409544515097473,0.9184618299407878,2.728844741148491,3.726240086405303,21.63283299249997,S
28.91038065766401,-14.902875172485103,-11.799711568073276,-10.473518501289586,-15.064112694466376,10.658752859457984,2.4105616229326032,-22.382303618391777,0.4338730520066162,-5.552202155448829,4.577480579243591,-19.84426842571172,-10.186600036351544,-8.809624166552469,-4.74316278964323,0.9184618299407878,-16.267530378097362,-5.686037232675057,-8.547439855184322,-5.959590734223948,K
6.996855055614415,-9.153269929726742,-17.5508382496562,2.0611531411131225,-0.32095209973577,-9.445295652276258,5.34510947486475,3.4422303636932794,24.81321179356417,6.303570116216825,1.5336634800767577,-8.765998398755142,-2.139326728310251,-6.555803976354224,-5.397527698234825,2.728844741148491,-5.686037232675057,21.104946414499548,1.8478711989356185,15.798644780627122,G
-1.3502304896529942,-16.907074004779833,-27.978176206887355,37.95378881644628,-0.4687780163421831,10.278206229887344,1.7248857454788535,1.8567788901144933,0.9865177114715808,1.5195090113813223,-6.225540421345672,-2.073286571836857,-7.278102699599397,-14.453213365751228,-8.086504729518634,3.726240086405303,-8.547439855184322,1.8478711989356185,-13.365537895401308,-21.350966897788005,E
-6.147097324975629,-14.335055541048792,-11.363666369306426,31.47049992505168,-17.323238910483106,15.835779839059274,16.36512038675858,-4.710053503759423,-12.30766412100077,1.646963601520102,-1.0660208065815988,-22.39319638197793,-4.373772789548392,0.6542758678282071,18.833958096471846,21.63283299249997,-5.959590734223948,15.798644780627122,-21.350966897788005,1.7102061955029102,D
