W,F,Y,C,I,V,L,M,H,T,R,P,Q,N,A,S,K,G,E,D,AA
27.142360942186844,8.916689718074618,-21.910662312758618,-13.04958017701452,7.479076876441469,26.911275870522537,51.113593082441646,12.153417230674092,-2.269944605183417,11.150264263300144,-24.34326391834993,13.701957231556127,12.491128482847492,20.96079861489913,13.340590600414163,32.61623990018333,3.682565343858247,13.208435464004916,17.3552235795675,30.167482649812992,W
8.916689718074618,53.48614242503966,35.57162501633939,60.13592146351201,12.0032720571308,6.145461718191116,15.17269989049184,-3.5893609926571988,-13.095032246249897,9.294908706381522,-7.464425032180742,-26.03755247644079,11.314753549064946,0.905585178855368,1.3736803354436735,-5.2113727239964085,15.499559590437844,15.67914981338602,-4.113765147425001,-0.393764915350958,F
-21.910662312758618,35.57162501633939,12.457475286130364,8.161375929030035,-3.6787638370100137,-9.86667897719267,11.144068288200774,-25.195403824751395,18.13023773102308,31.45805264520181,-19.713984166252867,-27.90839197657437,-8.03989463962774,16.743403116303725,-2.6608765026605106,62.32058191982215,-5.15165061943777,-15.4785263570882,-15.184867349532531,-25.890447691873973,Y
-13.04958017701452,60.13592146351201,8.161375929030035,inf,26.097574180360443,-4.351085126986463,63.521327033104015,36.38451247543858,inf,1.4852764093281567,-15.143531707324708,39.5821842560398,22.430356238828654,-6.096083712610273,20.319453214436077,-21.49789616871807,-38.50420617511971,-29.861341135753975,0.2320998418105091,-23.86031495515221,C
7.479076876441469,12.0032720571308,-3.6787638370100137,26.097574180360443,1.143383904281275,9.15788027818018,7.624461067897066,19.962161952396627,-1.7131921815730466,13.599916972183856,-12.490745557023155,6.455811931720231,-0.1307662955272229,-4.782891993204041,25.974439852933152,4.465834881857536,-26.461658191644005,15.796450071486968,6.525336143243978,17.654944908507368,I
26.911275870522537,6.145461718191116,-9.86667897719267,-4.351085126986463,9.15788027818018,17.972384042688365,9.794005251854408,-16.78464608348318,2.465594198243419,28.50870645935008,-5.974602659442149,-12.757802409174666,16.297308605428036,0.8170170764371752,10.101038843877944,-5.176907641487414,-16.417403023749106,-8.102907633858198,-8.991040085494019,5.989450959706397,V
51.113593082441646,15.17269989049184,11.144068288200774,63.521327033104015,7.624461067897066,9.794005251854408,22.519460595465844,26.382284283608318,-14.02582202199881,10.765682533091525,-5.0019888198155344,-4.479724945978408,9.725724706359768,-10.035446475287486,8.138563016157569,6.996030956984053,-12.266235213875772,-3.9126215521898335,22.188857294810624,-2.792910891686022,L
12.153417230674092,-3.5893609926571988,-25.195403824751395,36.38451247543858,19.962161952396627,-16.78464608348318,26.382284283608318,-5.634063948935755,-14.004919589246162,17.415333552056655,-45.691473952311945,-30.56794440233821,-4.113765147425001,-29.37189636207472,5.534183413111067,5.053409704120687,-6.956100888802032,-11.2345664731151,-5.7619105181231545,-19.0234218750584,M
-2.269944605183417,-13.095032246249897,18.13023773102308,inf,-1.7131921815730466,2.465594198243419,-14.02582202199881,-14.004919589246162,40.43901990421355,12.173754130221702,-20.43248460633668,-26.283302917602285,-6.956100888802032,-36.46309289562923,-9.410599034845484,27.42949883569747,-26.373368980122358,-17.484226237139115,-3.999277824531153,-30.399888581239715,H
11.150264263300144,9.294908706381522,31.45805264520181,1.4852764093281567,13.599916972183856,28.50870645935008,10.765682533091525,17.415333552056655,12.173754130221702,-1.0977245581772177,-9.29388978734873,-15.066590833275653,18.18928525635347,19.20982948766865,29.13650172293093,42.34532050916317,-9.392035474746502,35.48255923743862,-7.8025143267343635,4.673807284711134,T
-24.34326391834993,-7.464425032180742,-19.713984166252867,-15.143531707324708,-12.490745557023155,-5.974602659442149,-5.0019888198155344,-45.691473952311945,-20.43248460633668,-9.29388978734873,-13.54801083754954,-9.8847936543171,-4.400690441563205,-18.706234412619526,-13.269707188093074,4.26671836713579,-10.099316257564784,0.6096530349004332,-25.33968139975322,-16.32354480116472,R
13.701957231556127,-26.03755247644079,-27.90839197657437,39.5821842560398,6.455811931720231,-12.757802409174666,-4.479724945978408,-30.56794440233821,-26.283302917602285,-15.066590833275653,-9.8847936543171,-22.430185053323875,1.2431214493432965,2.7243707845571192,1.517771321573904,-7.061512222567553,2.6400417324487497,-13.388365469248471,-11.919615451189724,16.227913999680034,P
12.491128482847492,11.314753549064946,-8.03989463962774,22.430356238828654,-0.1307662955272229,16.297308605428036,9.725724706359768,-4.113765147425001,-6.956100888802032,18.18928525635347,-4.400690441563205,1.2431214493432965,25.001818967969054,-3.8861425548938,0.0308819612819945,-14.603439975960274,-4.542732917130097,-5.618747620725398,-3.086860900037592,-1.078015255279239,Q
20.96079861489913,0.905585178855368,16.743403116303725,-6.096083712610273,-4.782891993204041,0.8170170764371752,-10.035446475287486,-29.37189636207472,-36.46309289562923,19.20982948766865,-18.706234412619526,2.7243707845571192,-3.8861425548938,-9.12559630660533,-8.197598883746734,-5.557536267124525,-28.92218723562011,8.549884765714383,15.94922139717172,6.298142987049653,N
13.340590600414163,1.3736803354436735,-2.6608765026605106,20.319453214436077,25.974439852933152,10.101038843877944,8.138563016157569,5.534183413111067,-9.410599034845484,29.13650172293093,-13.269707188093074,1.517771321573904,0.0308819612819945,-8.197598883746734,11.52164293527536,-11.074936824529775,-7.246599953142746,-6.321538143411147,-30.681426171089488,-6.393857217333928,A
32.61623990018333,-5.2113727239964085,62.32058191982215,-21.49789616871807,4.465834881857536,-5.176907641487414,6.996030956984053,5.053409704120687,27.42949883569747,42.34532050916317,4.26671836713579,-7.061512222567553,-14.603439975960274,-5.557536267124525,-11.074936824529775,5.813266344077743,-24.30935348386499,9.376905689784005,-21.501575227400476,-0.1187716953846036,S
3.682565343858247,15.499559590437844,-5.15165061943777,-38.50420617511971,-26.461658191644005,-16.417403023749106,-12.266235213875772,-6.956100888802032,-26.373368980122358,-9.392035474746502,-10.099316257564784,2.6400417324487497,-4.542732917130097,-28.92218723562011,-7.246599953142746,-24.30935348386499,-6.277093880766886,-26.658617477934456,-9.108021834851248,-16.964106868558336,K
13.208435464004916,15.67914981338602,-15.4785263570882,-29.861341135753975,15.796450071486968,-8.102907633858198,-3.9126215521898335,-11.2345664731151,-17.484226237139115,35.48255923743862,0.6096530349004332,-13.388365469248471,-5.618747620725398,8.549884765714383,-6.321538143411147,9.376905689784005,-26.658617477934456,16.962467632183102,9.989967126864787,3.6042063163219553,G
17.3552235795675,-4.113765147425001,-15.184867349532531,0.2320998418105091,6.525336143243978,-8.991040085494019,22.188857294810624,-5.7619105181231545,-3.999277824531153,-7.8025143267343635,-25.33968139975322,-11.919615451189724,-3.086860900037592,15.94922139717172,-30.681426171089488,-21.501575227400476,-9.108021834851248,9.989967126864787,-24.763083392578935,-30.81799687542696,E
30.167482649812992,-0.393764915350958,-25.890447691873973,-23.86031495515221,17.654944908507368,5.989450959706397,-2.792910891686022,-19.0234218750584,-30.399888581239715,4.673807284711134,-16.32354480116472,16.227913999680034,-1.078015255279239,6.298142987049653,-6.393857217333928,-0.1187716953846036,-16.964106868558336,3.6042063163219553,-30.81799687542696,0.7861957503265833,D
