W,F,Y,C,I,V,L,M,H,T,R,P,Q,N,A,S,K,G,E,D,AA
-3.9069841034027393,-39.83205525755997,-66.38086768541478,-46.05305191247945,-27.089785337627102,-2.791533954703085,11.766149616010471,-29.305805150054383,-27.98210200998883,-5.653158068006873,-47.695999847611446,-12.696686901242638,-1.0481819891006323,12.039924949222724,2.9386126342211094,23.03511848388889,1.2477465839562163,9.90478068581326,15.070567283459768,27.78060235611186,W
-39.83205525755997,32.14975559907543,-6.889827610444874,25.9318618233186,-28.57342726208243,-29.033743522859822,-25.59110516441382,-47.62989011344898,-28.697061067812147,-3.565244765809874,-19.28394306795409,-36.136024109376535,10.730732613903047,-0.4849653164023436,-9.586277631405148,-9.11923629613304,20.944785791722133,16.568443044077586,4.664606924828068,15.255712090484964,F
-66.38086768541478,-6.889827610444874,1.7757996641505,-13.110824265364634,-35.1650041994146,-36.1250894757439,-17.616551776663265,-60.04578726165444,-7.533748023697237,17.598068278302332,-40.7175032510688,-49.65145968772973,-15.818079813950852,5.18815172913751,-9.348926818125395,55.9773461310066,-13.52215124089368,-17.358990799867634,-21.88420550302549,-32.21906256820167,Y
-46.05305191247945,25.9318618233186,-13.110824265364634,inf,-2.343314765651044,-29.45554548000745,39.508942525730994,6.355112364430626,inf,-5.210492364662318,-15.81393842206479,35.45810427406902,34.61273552538461,-0.0112830082570583,20.990404243136684,-19.119089039989955,-23.297335034354965,-26.45023214029899,20.628485231546907,-1.879731506940994,C
-27.089785337627102,-28.57342726208243,-35.1650041994146,-2.343314765651044,-13.485031063427252,-28.395842875403115,-31.83678959861112,-15.699067569623509,-3.4609174870459456,4.477368886501915,-14.459797752782352,8.82817528395,7.982806535262586,8.037536624087227,16.545350214651673,10.317712586862864,-15.2485154020102,27.29037435518305,24.101555807823445,41.38733993654168,I
-2.791533954703085,-29.033743522859822,-36.1250894757439,-29.45554548000745,-28.395842875403115,12.58093999542078,-22.920024650139844,-46.7621524123505,0.4253356302851543,21.417883416463173,-4.774349937682047,-7.013627411280418,27.35925565116793,13.147235383119746,2.6218791566550936,3.730430652193056,-5.563067586910485,3.0939665149453326,10.742111485096546,28.88791279000604,V
11.766149616010471,-25.59110516441382,-17.616551776663265,39.508942525730994,-31.83678959861112,-22.920024650139844,11.59375951991417,-7.426020470562146,-15.119980365400176,7.89290602960638,-8.509734725567977,-1.1709614124578582,17.613134353251723,4.660026816005559,1.970464462176549,18.2881142229056,4.418866927735325,12.536397840919864,44.20541867781383,25.8364704551511,L
-29.305805150054383,-47.62989011344898,-60.04578726165444,6.355112364430626,-15.699067569623509,-46.7621524123505,-7.426020470562146,-19.499384237547694,-27.861812261109588,6.961005341695921,-53.473496094668846,-38.103647662699615,-0.9278922402269024,-25.8609094730614,-1.080366132727049,5.546282327195094,1.368036332831295,-7.584055470880938,7.27273242757265,-4.32103736840666,M
-27.98210200998883,-28.697061067812147,-7.533748023697237,inf,-3.4609174870459456,0.4253356302851543,-15.119980365400176,-27.861812261109588,43.35416738280383,8.284708481767279,-24.06713199703044,-24.286070861798937,0.3958108998434821,-34.2282076337965,8.95835457923283,29.05486042890268,-11.921064094922636,-6.260352330811478,-3.8974380931878985,-33.10033379473447,H
-5.653158068006873,-3.565244765809874,17.598068278302332,-5.210492364662318,4.477368886501915,21.417883416463173,7.89290602960638,6.961005341695921,8.284708481767279,28.492603852056327,-8.149938016228347,-5.4333375457444095,27.30050389788752,22.779484930644934,43.781172182039306,51.38380437087788,3.272288993486652,50.747340233630766,9.840042978129228,20.91103643196273,T
-47.695999847611446,-19.28394306795409,-40.7175032510688,-15.81393842206479,-14.459797752782352,-4.774349937682047,-8.509734725567977,-53.473496094668846,-24.06713199703044,-8.149938016228347,12.64408479098558,-9.757700617204994,-0.9120680650862664,-17.92696069315945,3.074726558235221,9.340962591276348,9.301985112733403,12.843766969851236,-40.222039745721375,-30.910454404107828,R
-12.696686901242638,-36.136024109376535,-49.65145968772973,35.45810427406902,8.82817528395,-7.013627411280418,-1.1709614124578582,-38.103647662699615,-24.286070861798937,-5.4333375457444095,-9.757700617204994,14.405173129447974,13.562296101590372,15.73595609740887,24.243769687973536,9.12202372650631,30.471028242472148,6.906132870935935,14.19084937557744,39.39475810905788,P
-1.0481819891006323,10.730732613903047,-15.818079813950852,34.61273552538461,7.982806535262586,27.35925565116793,17.613134353251723,-0.9278922402269024,0.3958108998434821,27.30050389788752,-0.9120680650862664,13.562296101590372,67.12119108835475,8.195908385660648,27.177257028226325,3.700905921751906,15.012855925961372,20.673567690072204,23.03648192769568,23.936585792546904,Q
12.039924949222724,-0.4849653164023436,5.18815172913751,-0.0112830082570583,8.037536624087227,13.147235383119746,4.660026816005559,-25.8609094730614,-34.2282076337965,22.779484930644934,-17.92696069315945,15.73595609740887,8.195908385660648,18.284873532987177,18.87738197204369,3.755636010576502,-12.916483644618756,25.843550023634936,38.92746122604541,19.415566825303895,N
2.9386126342211094,-9.586277631405148,-9.348926818125395,20.990404243136684,16.545350214651673,2.6218791566550936,1.970464462176549,-1.080366132727049,8.95835457923283,43.781172182039306,3.074726558235221,24.243769687973536,27.177257028226325,18.87738197204369,57.48703622233104,14.745807973644034,25.694329512344066,22.54143240640015,9.414150645449256,34.61805937892997,A
23.03511848388889,-9.11923629613304,55.9773461310066,-19.119089039989955,10.317712586862864,3.730430652193056,18.2881142229056,5.546282327195094,29.05486042890268,51.38380437087788,9.340962591276348,9.12202372650631,3.700905921751906,3.755636010576502,14.745807973644034,49.96689253757924,-1.92129010995317,31.72349131356257,2.2105292887446746,19.496313417462567,S
1.2477465839562163,20.944785791722133,-13.52215124089368,-23.297335034354965,-15.2485154020102,-5.563067586910485,4.418866927735325,1.368036332831295,-11.921064094922636,3.272288993486652,9.301985112733403,30.471028242472148,15.012855925961372,-12.916483644618756,25.694329512344066,-1.92129010995317,54.1040531598096,-0.0753958746975055,-7.403482937879883,-19.36068119936788,K
9.90478068581326,16.568443044077586,-17.358990799867634,-26.45023214029899,27.29037435518305,3.0939665149453326,12.536397840919864,-7.584055470880938,-6.260352330811478,50.747340233630766,12.843766969851236,6.906132870935935,20.673567690072204,25.843550023634936,22.54143240640015,31.72349131356257,-0.0753958746975055,66.30379824457468,46.48331826343905,31.89322612971576,G
15.070567283459768,4.664606924828068,-21.88420550302549,20.628485231546907,24.101555807823445,10.742111485096546,44.20541867781383,7.27273242757265,-3.8974380931878985,9.840042978129228,-40.222039745721375,14.19084937557744,23.03648192769568,38.92746122604541,9.414150645449256,2.2105292887446746,-7.403482937879883,46.48331826343905,51.64735194194503,16.647014461771327,E
27.78060235611186,15.255712090484964,-32.21906256820167,-1.879731506940994,41.38733993654168,28.88791279000604,25.8364704551511,-4.32103736840666,-33.10033379473447,20.91103643196273,-30.910454404107828,39.39475810905788,23.936585792546904,19.415566825303895,34.61805937892997,19.496313417462567,-19.36068119936788,31.89322612971576,16.647014461771327,71.95196051390612,D
