W,F,Y,C,I,V,L,M,H,T,R,P,Q,N,A,S,K,G,E,D,AA
-36.08229556236886,-41.90436715012796,-65.45685724023846,-8.331362937843686,-22.46741826713378,-23.048204641748328,-8.490521071034767,-34.18098940264674,-32.857286262581184,-22.338273528398677,-23.44416826272129,-22.68712339857312,-5.923366241692983,19.65861435746037,-9.399933448061658,13.044681986558412,26.475561897761985,3.6932002774227617,-3.634886785760729,-8.533977618676758,W
-41.90436715012796,-38.046680031051295,-66.94049916469389,-31.77070014597812,-46.861287265889295,-34.582266041349015,-45.17904572904264,-59.96843619573175,-40.46037426118578,-18.99144749539962,-13.089297571177475,-2.990084190808282,5.855548361310698,-14.426255942100182,-15.985458539671187,9.696829056497837,-9.45764897120082,-8.263976699035176,-8.128701932526766,1.3144214647871295,F
-65.45685724023846,-66.94049916469389,-40.09051309562127,-29.79593972575644,-34.24099375423826,-24.555545939138884,-32.79876820054311,-31.341761321927464,-35.13331042659584,-33.889703016109934,-27.29961914506248,-24.963147562594564,-8.199390405713206,-30.32953527852357,-13.903597083196605,-20.91376846218144,-20.17021218952919,-19.431302692435622,-34.67751436038032,-17.692281245634124,Y
-8.331362937843686,-31.77070014597812,-29.79593972575644,9.7096854556325,-21.048768834871545,-11.363321019768504,3.1943625509423748,-40.4330026623593,-32.41462055923121,-4.286481919485992,82.11374968536721,-11.330010752720892,2.437424066418489,-10.001719505587532,2.284950173916192,31.096473595475803,4.733352639475156,5.472262136568102,58.35017420618267,53.4510833732629,C
-22.46741826713378,-46.861287265889295,-34.24099375423826,-21.048768834871545,-12.561020618250929,-25.761790731675248,-28.638466439578814,-44.87805669084529,-11.332424077382614,-10.751874556797384,3.632426707456597,-7.856940176441799,-8.702308925129207,-6.528648929310757,-9.968419429426095,1.663672245330534,-3.850969904832571,11.172972183960306,17.10744164823729,6.4091561175512135,I
-23.048204641748328,-34.582266041349015,-24.555545939138884,-11.363321019768504,-25.761790731675248,13.50495044059711,-18.24683317572976,-22.003849219382715,5.411131166287886,25.257716735760848,16.03309912691837,4.383918085897208,37.78081741942994,12.847800186594911,-3.970107609638637,41.452119626828825,21.513088296296598,1.7515784965272778,30.01135780047791,38.73424166935892,V
-8.490521071034767,-45.17904572904264,-32.79876820054311,3.1943625509423748,-28.638466439578814,-18.24683317572976,-0.7447865623685861,-29.910330628722612,6.8409232730687775,6.236190114154153,8.126617717578467,4.517212476241122,14.317376818982572,19.18680813857311,-3.5172750538220146,22.01499702810628,19.0956637645437,21.79412886797445,23.74144712848206,44.994501733595705,L
-34.18098940264674,-59.96843619573175,-31.341761321927464,-40.4330026623593,-44.87805669084529,-22.003849219382715,-29.910330628722612,-16.995947074048185,-10.552121552066296,-13.295665345349326,-1.139003552209272,-3.858169313985045,22.18099316658507,-30.052151272623203,-2.355785058167504,5.2468471306702655,-14.058166396758448,7.092741365927435,14.891421835810297,9.992331002892309,M
-32.857286262581184,-40.46037426118578,-35.13331042659584,-32.41462055923121,-11.332424077382614,5.411131166287886,6.8409232730687775,-10.552121552066296,-33.53694721038421,7.985273285242448,22.369574549495358,-8.7492568487988,-6.598303259742679,-22.03376916949133,4.083170326640484,-11.038575634825918,14.88617793720633,36.03708569989181,1.0883574428148295,-15.008109334495526,H
-22.338273528398677,-18.99144749539962,-33.889703016109934,-4.286481919485992,-10.751874556797384,25.257716735760848,6.236190114154153,-13.295665345349326,7.985273285242448,55.29984588418528,-1.7901613387927526,-2.557113130320579,38.69804939506515,-1.4777019235587037,16.72111296781132,9.517491611106117,7.112122312784325,21.56835111240898,19.162066316244907,17.884192748771703,T
-23.44416826272129,-13.089297571177475,-27.29961914506248,82.11374968536721,3.632426707456597,16.03309912691837,8.126617717578467,-1.139003552209272,22.369574549495358,-1.7901613387927526,22.28311280805192,7.551990091838292,-4.408423869115292,12.3313664517859,15.470694146072931,9.70458528465282,23.978781949541773,13.76777741502756,-21.107898767313817,-15.652930409524709,R
-22.68712339857312,-2.990084190808282,-24.963147562594564,-11.330010752720892,-7.856940176441799,4.383918085897208,4.517212476241122,-3.858169313985045,-8.7492568487988,-2.557113130320579,7.551990091838292,41.21241516157694,18.184663172083702,8.227877972581602,11.905223605690768,6.095180043315275,7.986718084311678,11.528499941429269,24.037178254930318,0.7736477273999159,P
-5.923366241692983,5.855548361310698,-8.199390405713206,2.437424066418489,-8.702308925129207,37.78081741942994,14.317376818982572,22.18099316658507,-6.598303259742679,38.69804939506515,-4.408423869115292,18.184663172083702,50.43607562796295,0.3244017953239776,19.902045135257325,23.813468990819548,9.368988806739932,24.15298858248735,18.845240128133884,20.640828258277757,Q
19.65861435746037,-14.426255942100182,-30.32953527852357,-10.001719505587532,-6.528648929310757,12.847800186594911,19.18680813857311,-30.052151272623203,-22.03376916949133,-1.4777019235587037,12.3313664517859,8.227877972581602,0.3244017953239776,17.98543833646235,11.369303847216422,6.798576362746638,7.196079424448882,10.737861281566332,8.525026463122455,13.771699706082456,N
-9.399933448061658,-15.985458539671187,-13.903597083196605,2.284950173916192,-9.968419429426095,-3.970107609638637,-3.5172750538220146,-2.355785058167504,4.083170326640484,16.72111296781132,15.470694146072931,11.905223605690768,19.902045135257325,11.369303847216422,35.00272606417056,27.800263614140952,28.197766675843575,23.46544285157648,32.00907208702011,59.84587469273575,A
13.044681986558412,9.696829056497837,-20.91376846218144,31.096473595475803,1.663672245330534,41.452119626828825,22.01499702810628,5.2468471306702655,-11.038575634825918,9.517491611106117,9.70458528465282,6.095180043315275,23.813468990819548,6.798576362746638,27.800263614140952,47.894580645011246,23.3065252038526,25.07543036492706,27.438344602550448,41.24791810534714,S
26.475561897761985,-9.45764897120082,-20.17021218952919,4.733352639475156,-3.850969904832571,21.513088296296598,19.0956637645437,-14.058166396758448,14.88617793720633,7.112122312784325,23.978781949541773,7.986718084311678,9.368988806739932,7.196079424448882,28.197766675843575,23.3065252038526,44.11361666247912,20.89718437056189,-6.842900958212963,-8.356165065033498,K
3.6932002774227617,-8.263976699035176,-19.431302692435622,5.472262136568102,11.172972183960306,1.7515784965272778,21.79412886797445,7.092741365927435,36.03708569989181,21.56835111240898,13.76777741502756,11.528499941429269,24.15298858248735,10.737861281566332,23.46544285157648,25.07543036492706,20.89718437056189,70.44627702689114,38.34122233550988,44.08766459402093,G
-3.634886785760729,-8.128701932526766,-34.67751436038032,58.35017420618267,17.10744164823729,30.01135780047791,23.74144712848206,14.891421835810297,1.0883574428148295,19.162066316244907,-21.107898767313817,24.037178254930318,18.845240128133884,8.525026463122455,32.00907208702011,27.438344602550448,-6.842900958212963,38.34122233550988,63.04489743912266,26.11404443941029,E
-8.533977618676758,1.3144214647871295,-17.692281245634124,53.4510833732629,6.4091561175512135,38.73424166935892,44.994501733595705,9.992331002892309,-15.008109334495526,17.884192748771703,-15.652930409524709,0.7736477273999159,20.640828258277757,13.771699706082456,59.84587469273575,41.24791810534714,-8.356165065033498,44.08766459402093,26.11404443941029,72.87597095908242,D
