W,F,Y,C,I,V,L,M,H,T,R,P,Q,N,A,S,K,G,E,D,AA
0.0008869966294128,0.0026609898882384,0.0037253858435337,0.0003547986517651,0.0026609898882384,0.0033705871917686,0.0033705871917686,0.0014191946070604,0.0014191946070604,0.0024835905623558,0.0026609898882384,0.0021287919105907,0.0014191946070604,0.0007095973035302,0.0033705871917686,0.0010643959552953,0.0007095973035302,0.0019513925847081,0.0019513925847081,0.0019513925847081,W
0.0026609898882384,0.0063863757317722,0.010111761575306,0.001596593932943,0.0122405534858967,0.0115309561823665,0.0205783218023771,0.0067411743835373,0.004434983147064,0.006031577080007,0.0054993791023594,0.0035479865176512,0.0028383892141209,0.0040801844952989,0.0102891609011885,0.0030157885400035,0.0042575838211814,0.0067411743835373,0.0056767784282419,0.0040801844952989,F
0.0037253858435337,0.010111761575306,0.004434983147064,0.0012417952811779,0.0074507716870675,0.0074507716870675,0.0125953521376618,0.0028383892141209,0.0031931878658861,0.0069185737094199,0.0062089764058896,0.0047897817988291,0.0031931878658861,0.0047897817988291,0.0079829696647152,0.0049671811247117,0.004434983147064,0.0070959730353024,0.0085151676423629,0.0051445804505942,Y
0.0003547986517651,0.001596593932943,0.0012417952811779,0.0001773993258825,0.0019513925847081,0.0019513925847081,0.0019513925847081,0.0012417952811779,0.0010643959552953,0.0012417952811779,0.0001773993258825,0.0012417952811779,0.0008869966294128,0.0010643959552953,0.0019513925847081,0.0005321979776476,0.0008869966294128,0.0014191946070604,0.0003547986517651,0.0003547986517651,C
0.0026609898882384,0.0122405534858967,0.0074507716870675,0.0019513925847081,0.0086925669682455,0.0147241440482526,0.0219975164094376,0.0074507716870675,0.0035479865176512,0.0078055703388327,0.0058541777541245,0.0062089764058896,0.0062089764058896,0.0053219797764768,0.0140145467447223,0.0056767784282419,0.0058541777541245,0.0067411743835373,0.0049671811247117,0.0056767784282419,I
0.0033705871917686,0.0115309561823665,0.0074507716870675,0.0019513925847081,0.0147241440482526,0.0074507716870675,0.0216427177576725,0.0054993791023594,0.0030157885400035,0.0042575838211814,0.0054993791023594,0.0058541777541245,0.0026609898882384,0.0042575838211814,0.0152563420259003,0.0028383892141209,0.0040801844952989,0.0104665602270711,0.0046123824729466,0.0033705871917686,V
0.0033705871917686,0.0205783218023771,0.0125953521376618,0.0019513925847081,0.0219975164094376,0.0216427177576725,0.020223523150612,0.0092247649458932,0.0040801844952989,0.0092247649458932,0.0092247649458932,0.0081603689905978,0.0063863757317722,0.0051445804505942,0.0211105197800248,0.0062089764058896,0.006031577080007,0.0092247649458932,0.0074507716870675,0.0040801844952989,L
0.0014191946070604,0.0067411743835373,0.0028383892141209,0.0012417952811779,0.0074507716870675,0.0054993791023594,0.0092247649458932,0.001596593932943,0.0014191946070604,0.0033705871917686,0.0026609898882384,0.0023061912364733,0.0012417952811779,0.0037253858435337,0.0047897817988291,0.0021287919105907,0.0030157885400035,0.0030157885400035,0.0021287919105907,0.0021287919105907,M
0.0014191946070604,0.004434983147064,0.0031931878658861,0.0010643959552953,0.0035479865176512,0.0030157885400035,0.0040801844952989,0.0014191946070604,0.0024835905623558,0.0021287919105907,0.001596593932943,0.0026609898882384,0.0024835905623558,0.0031931878658861,0.0042575838211814,0.0031931878658861,0.001596593932943,0.001596593932943,0.0030157885400035,0.0039027851694163,H
0.0024835905623558,0.006031577080007,0.0069185737094199,0.0012417952811779,0.0078055703388327,0.0042575838211814,0.0092247649458932,0.0033705871917686,0.0021287919105907,0.001596593932943,0.0062089764058896,0.0051445804505942,0.0019513925847081,0.004434983147064,0.0070959730353024,0.004434983147064,0.0042575838211814,0.0049671811247117,0.004434983147064,0.0040801844952989,T
0.0026609898882384,0.0054993791023594,0.0062089764058896,0.0001773993258825,0.0058541777541245,0.0054993791023594,0.0092247649458932,0.0026609898882384,0.001596593932943,0.0062089764058896,0.0037253858435337,0.0042575838211814,0.0054993791023594,0.0033705871917686,0.0076281710129501,0.0046123824729466,0.0030157885400035,0.0062089764058896,0.011708355508249,0.0092247649458932,R
0.0021287919105907,0.0035479865176512,0.0047897817988291,0.0012417952811779,0.0062089764058896,0.0058541777541245,0.0081603689905978,0.0023061912364733,0.0026609898882384,0.0051445804505942,0.0042575838211814,0.001596593932943,0.0026609898882384,0.0030157885400035,0.0067411743835373,0.0040801844952989,0.0035479865176512,0.0053219797764768,0.0033705871917686,0.0051445804505942,P
0.0014191946070604,0.0028383892141209,0.0031931878658861,0.0008869966294128,0.0062089764058896,0.0026609898882384,0.0063863757317722,0.0012417952811779,0.0024835905623558,0.0019513925847081,0.0054993791023594,0.0026609898882384,0.0012417952811779,0.0035479865176512,0.0054993791023594,0.0026609898882384,0.0033705871917686,0.0039027851694163,0.0037253858435337,0.0031931878658861,Q
0.0007095973035302,0.0040801844952989,0.0047897817988291,0.0010643959552953,0.0053219797764768,0.0042575838211814,0.0051445804505942,0.0037253858435337,0.0031931878658861,0.004434983147064,0.0033705871917686,0.0030157885400035,0.0035479865176512,0.0021287919105907,0.006031577080007,0.0035479865176512,0.0031931878658861,0.0047897817988291,0.0042575838211814,0.0033705871917686,N
0.0033705871917686,0.0102891609011885,0.0079829696647152,0.0019513925847081,0.0140145467447223,0.0152563420259003,0.0211105197800248,0.0047897817988291,0.0042575838211814,0.0070959730353024,0.0076281710129501,0.0067411743835373,0.0054993791023594,0.006031577080007,0.0085151676423629,0.0053219797764768,0.0047897817988291,0.0086925669682455,0.006031577080007,0.0028383892141209,A
0.0010643959552953,0.0030157885400035,0.0049671811247117,0.0005321979776476,0.0056767784282419,0.0028383892141209,0.0062089764058896,0.0021287919105907,0.0031931878658861,0.004434983147064,0.0046123824729466,0.0040801844952989,0.0026609898882384,0.0035479865176512,0.0053219797764768,0.0017739932588256,0.0028383892141209,0.004434983147064,0.0035479865176512,0.0023061912364733,S
0.0007095973035302,0.0042575838211814,0.004434983147064,0.0008869966294128,0.0058541777541245,0.0040801844952989,0.006031577080007,0.0030157885400035,0.001596593932943,0.0042575838211814,0.0030157885400035,0.0035479865176512,0.0033705871917686,0.0031931878658861,0.0047897817988291,0.0028383892141209,0.001596593932943,0.004434983147064,0.0070959730353024,0.0065637750576547,K
0.0019513925847081,0.0067411743835373,0.0070959730353024,0.0014191946070604,0.0067411743835373,0.0104665602270711,0.0092247649458932,0.0030157885400035,0.001596593932943,0.0049671811247117,0.0062089764058896,0.0053219797764768,0.0039027851694163,0.0047897817988291,0.0086925669682455,0.004434983147064,0.004434983147064,0.0023061912364733,0.0040801844952989,0.0031931878658861,G
0.0019513925847081,0.0056767784282419,0.0085151676423629,0.0003547986517651,0.0049671811247117,0.0046123824729466,0.0074507716870675,0.0021287919105907,0.0030157885400035,0.004434983147064,0.011708355508249,0.0033705871917686,0.0037253858435337,0.0042575838211814,0.006031577080007,0.0035479865176512,0.0070959730353024,0.0040801844952989,0.0019513925847081,0.0040801844952989,E
0.0019513925847081,0.0040801844952989,0.0051445804505942,0.0003547986517651,0.0056767784282419,0.0033705871917686,0.0040801844952989,0.0021287919105907,0.0039027851694163,0.0040801844952989,0.0092247649458932,0.0051445804505942,0.0031931878658861,0.0033705871917686,0.0028383892141209,0.0023061912364733,0.0065637750576547,0.0031931878658861,0.0040801844952989,0.0012417952811779,D
