W|F|Y|C|I|V|L|M|H|T|R|P|Q|N|A|S|K|G|E|D|AA
0.00078993701464069|0.0031152076630440477|0.0022977604041123883|0.0006261855605277775|0.003516071222712458|0.0039287248870769976|0.00685922090988168|0.0016781249017491274|0.0012039006906381328|0.002186409415315608|0.0026553935798949895|0.002318720590238841|0.0016912250180781605|0.001370272168016852|0.0034492606294343896|0.0017920959138117147|0.0013807522610800784|0.0022925203575807755|0.0018916567979123655|0.0016938450413439671|W
0.0031152076630440477|0.00434661859797315|0.005754881103344198|0.001688604994812354|0.010591444052023181|0.011690543812029051|0.01858906507089783|0.004671501482933168|0.0025021222188453033|0.0052374265083473944|0.005340917427346755|0.004178937108961528|0.0032920592334859935|0.0030221968371079134|0.009164841383791488|0.004125226632012492|0.0030208868254750104|0.005460128485940955|0.0038461941542040894|0.002933116046070489|F
0.0022977604041123883|0.005754881103344198|0.0022532200085936763|0.0010204990620316708|0.006992842096437816|0.007748718808623021|0.011477011915865813|0.003077217325689852|0.0025676228004904685|0.00436233873756799|0.005371047694903531|0.004447489493706704|0.0031623680818285665|0.0031086576048795314|0.006760970037413932|0.0035514415368008466|0.0033798300128905145|0.004737002064578334|0.004471069703098964|0.0039601651662666765|Y
0.0006261855605277775|0.001688604994812354|0.0010204990620316708|0.0005921252580722917|0.0023134805437072282|0.0026776637776543457|0.0036510024209014977|0.0009772686781458618|0.0007021662352361689|0.0013126316561691068|0.0011934205975749064|0.00105193934122135|0.0007087162934006854|0.0007349165260587514|0.002025277984468502|0.0010309791550948972|0.0006969261887045557|0.001488173214978149|0.0008501975497542418|0.0007322965027929448|C
0.003516071222712458|0.010591444052023181|0.006992842096437816|0.0023134805437072282|0.009116370953374066|0.019317431538792066|0.0282228906192687|0.006026053511355181|0.002845345266665968|0.00751815676123204|0.006660099141680378|0.004905993565222859|0.00421561743468282|0.003408650268814387|0.013841582913256269|0.005154895775474486|0.004138326748341525|0.006691539420870057|0.004913853635020279|0.0038095138284827967|I
0.0039287248870769976|0.011690543812029051|0.007748718808623021|0.0026776637776543457|0.019317431538792066|0.011512382229954201|0.030198388161686875|0.006607698676364246|0.0035802617927247196|0.008967029627223089|0.007738238715559794|0.005673660382104193|0.004923023716450602|0.0043086282606189545|0.01654020687703707|0.006005093325228728|0.005215156310588038|0.008420754776302414|0.0058439618943816225|0.004853593099906727|V
0.00685922090988168|0.01858906507089783|0.011477011915865813|0.0036510024209014977|0.0282228906192687|0.030198388161686875|0.025566187027740807|0.010091019608254122|0.004898133495425439|0.011377451031765162|0.012058657080874878|0.008390624508745637|0.007405495760802356|0.005705100661293872|0.02243918926000063|0.007947840576824322|0.006375826617340362|0.010432932644441882|0.007752648843521731|0.005947452813380983|L
0.0016781249017491274|0.004671501482933168|0.003077217325689852|0.0009772686781458618|0.006026053511355181|0.006607698676364246|0.010091019608254122|0.0014855531917123423|0.001531403598863958|0.0031571280352969532|0.0031007975350821116|0.002509982288642723|0.0019230970771020447|0.0017200452740020332|0.00528327691549901|0.002375051090453683|0.0018012659952420377|0.003264548989195024|0.002221779729403997|0.0019099969607730117|M
0.0012039006906381328|0.0025021222188453033|0.0025676228004904685|0.0007021662352361689|0.002845345266665968|0.0035802617927247196|0.004898133495425439|0.001531403598863958|0.0010728995273478028|0.002798184847881449|0.00290560580177952|0.002077678449784634|0.0018012659952420377|0.0018261562162672005|0.003064117209360819|0.0023855311835169098|0.0016126243201039624|0.0028270051038053216|0.003085077395487272|0.0029396661042350057|H
0.002186409415315608|0.0052374265083473944|0.00436233873756799|0.0013126316561691068|0.00751815676123204|0.008967029627223089|0.011377451031765162|0.0031571280352969532|0.002798184847881449|0.0028859556272859705|0.00580335153376162|0.003885494503191188|0.0038566742472673156|0.003948375061570547|0.0074434860981565515|0.0044841698194279965|0.0037466332701034384|0.005743090998648068|0.004592900784958971|0.004237887632442176|T
0.0026553935798949895|0.005340917427346755|0.005371047694903531|0.0011934205975749064|0.006660099141680378|0.007738238715559794|0.012058657080874878|0.0031007975350821116|0.00290560580177952|0.00580335153376162|0.003404720233915677|0.005051404856475126|0.004585040715161551|0.0043977090516563785|0.007476236388979134|0.005131315566082227|0.003351009756966642|0.006432157117555204|0.010144730085203156|0.009001089929678576|R
0.002318720590238841|0.004178937108961528|0.004447489493706704|0.00105193934122135|0.004905993565222859|0.005673660382104193|0.008390624508745637|0.002509982288642723|0.002077678449784634|0.003885494503191188|0.005051404856475126|0.0017658956811536486|0.003045777046500173|0.002701243987046605|0.005254456659575137|0.003234418721638248|0.0022466699504291596|0.004349238621238956|0.0032134585355117953|0.003071977279158239|P
0.0016912250180781605|0.0032920592334859935|0.0031623680818285665|0.0007087162934006854|0.00421561743468282|0.004923023716450602|0.007405495760802356|0.0019230970771020447|0.0018012659952420377|0.0038566742472673156|0.004585040715161551|0.003045777046500173|0.0015038933545729887|0.0027064840335782182|0.004654471331705426|0.0030208868254750104|0.0026658736729582157|0.0037151929909137594|0.003150577977132437|0.0028872656389188735|Q
0.001370272168016852|0.0030221968371079134|0.0031086576048795314|0.0007349165260587514|0.003408650268814387|0.0043086282606189545|0.005705100661293872|0.0017200452740020332|0.0018261562162672005|0.003948375061570547|0.0043977090516563785|0.002701243987046605|0.0027064840335782182|0.0017134952158375167|0.004201207306720883|0.003348389733700835|0.002606923149477567|0.004118676573847976|0.0030523271046646893|0.00342175038514342|N
0.0034492606294343896|0.009164841383791488|0.006760970037413932|0.002025277984468502|0.013841582913256269|0.01654020687703707|0.02243918926000063|0.00528327691549901|0.003064117209360819|0.0074434860981565515|0.007476236388979134|0.005254456659575137|0.004654471331705426|0.004201207306720883|0.006615558746161666|0.005570169463104832|0.004294218132657018|0.007676668168813339|0.005006864460956413|0.004379368888795732|A
0.0017920959138117147|0.004125226632012492|0.0035514415368008466|0.0010309791550948972|0.005154895775474486|0.006005093325228728|0.007947840576824322|0.002375051090453683|0.0023855311835169098|0.0044841698194279965|0.005131315566082227|0.003234418721638248|0.0030208868254750104|0.003348389733700835|0.005570169463104832|0.001933577170165271|0.002899055743615003|0.004722591936616397|0.0038658443286976388|0.0037951037005208607|S
0.0013807522610800784|0.0030208868254750104|0.0033798300128905145|0.0006969261887045557|0.004138326748341525|0.005215156310588038|0.006375826617340362|0.0018012659952420377|0.0016126243201039624|0.0037466332701034384|0.003351009756966642|0.0022466699504291596|0.0026658736729582157|0.002606923149477567|0.004294218132657018|0.002899055743615003|0.0010977897483729657|0.0038907345497228014|0.005828241754786782|0.005722130812521615|K
0.0022925203575807755|0.005460128485940955|0.004737002064578334|0.001488173214978149|0.006691539420870057|0.008420754776302414|0.010432932644441882|0.003264548989195024|0.0028270051038053216|0.005743090998648068|0.006432157117555204|0.004349238621238956|0.0037151929909137594|0.004118676573847976|0.007676668168813339|0.004722591936616397|0.0038907345497228014|0.0037492532933692453|0.004257537806935725|0.004594210796591874|G
0.0018916567979123655|0.0038461941542040894|0.004471069703098964|0.0008501975497542418|0.004913853635020279|0.0058439618943816225|0.007752648843521731|0.002221779729403997|0.003085077395487272|0.004592900784958971|0.010144730085203156|0.0032134585355117953|0.003150577977132437|0.0030523271046646893|0.005006864460956413|0.0038658443286976388|0.005828241754786782|0.004257537806935725|0.0014344627380291138|0.002495572160680787|E
0.0016938450413439671|0.002933116046070489|0.0039601651662666765|0.0007322965027929448|0.0038095138284827967|0.004853593099906727|0.005947452813380983|0.0019099969607730117|0.0029396661042350057|0.004237887632442176|0.009001089929678576|0.003071977279158239|0.0028872656389188735|0.00342175038514342|0.004379368888795732|0.0037951037005208607|0.005722130812521615|0.004594210796591874|0.002495572160680787|0.001291671470042654|D
