W,F,Y,C,I,V,L,M,H,T,R,P,Q,N,A,S,K,G,E,D,AA
0.0007899370146406,0.003115207663044,0.0022977604041123,0.0006261855605277,0.0035160712227124,0.0039287248870769,0.0068592209098816,0.0016781249017491,0.0012039006906381,0.0021864094153156,0.0026553935798949,0.0023187205902388,0.0016912250180781,0.0013702721680168,0.0034492606294343,0.0017920959138117,0.00138075226108,0.0022925203575807,0.0018916567979123,0.0016938450413439,W
0.003115207663044,0.0043466185979731,0.0057548811033441,0.0016886049948123,0.0105914440520231,0.011690543812029,0.0185890650708978,0.0046715014829331,0.0025021222188453,0.0052374265083473,0.0053409174273467,0.0041789371089615,0.0032920592334859,0.0030221968371079,0.0091648413837914,0.0041252266320124,0.003020886825475,0.0054601284859409,0.003846194154204,0.0029331160460704,F
0.0022977604041123,0.0057548811033441,0.0022532200085936,0.0010204990620316,0.0069928420964378,0.007748718808623,0.0114770119158658,0.0030772173256898,0.0025676228004904,0.0043623387375679,0.0053710476949035,0.0044474894937067,0.0031623680818285,0.0031086576048795,0.0067609700374139,0.0035514415368008,0.0033798300128905,0.0047370020645783,0.0044710697030989,0.0039601651662666,Y
0.0006261855605277,0.0016886049948123,0.0010204990620316,0.0005921252580722,0.0023134805437072,0.0026776637776543,0.0036510024209014,0.0009772686781458,0.0007021662352361,0.0013126316561691,0.0011934205975749,0.0010519393412213,0.0007087162934006,0.0007349165260587,0.0020252779844685,0.0010309791550948,0.0006969261887045,0.0014881732149781,0.0008501975497542,0.0007322965027929,C
0.0035160712227124,0.0105914440520231,0.0069928420964378,0.0023134805437072,0.009116370953374,0.019317431538792,0.0282228906192687,0.0060260535113551,0.0028453452666659,0.007518156761232,0.0066600991416803,0.0049059935652228,0.0042156174346828,0.0034086502688143,0.0138415829132562,0.0051548957754744,0.0041383267483415,0.00669153942087,0.0049138536350202,0.0038095138284827,I
0.0039287248870769,0.011690543812029,0.007748718808623,0.0026776637776543,0.019317431538792,0.0115123822299542,0.0301983881616868,0.0066076986763642,0.0035802617927247,0.008967029627223,0.0077382387155597,0.0056736603821041,0.0049230237164506,0.0043086282606189,0.016540206877037,0.0060050933252287,0.005215156310588,0.0084207547763024,0.0058439618943816,0.0048535930999067,V
0.0068592209098816,0.0185890650708978,0.0114770119158658,0.0036510024209014,0.0282228906192687,0.0301983881616868,0.0255661870277408,0.0100910196082541,0.0048981334954254,0.0113774510317651,0.0120586570808748,0.0083906245087456,0.0074054957608023,0.0057051006612938,0.0224391892600006,0.0079478405768243,0.0063758266173403,0.0104329326444418,0.0077526488435217,0.0059474528133809,L
0.0016781249017491,0.0046715014829331,0.0030772173256898,0.0009772686781458,0.0060260535113551,0.0066076986763642,0.0100910196082541,0.0014855531917123,0.0015314035988639,0.0031571280352969,0.0031007975350821,0.0025099822886427,0.001923097077102,0.001720045274002,0.005283276915499,0.0023750510904536,0.001801265995242,0.003264548989195,0.0022217797294039,0.001909996960773,M
0.0012039006906381,0.0025021222188453,0.0025676228004904,0.0007021662352361,0.0028453452666659,0.0035802617927247,0.0048981334954254,0.0015314035988639,0.0010728995273478,0.0027981848478814,0.0029056058017795,0.0020776784497846,0.001801265995242,0.0018261562162672,0.0030641172093608,0.0023855311835169,0.0016126243201039,0.0028270051038053,0.0030850773954872,0.002939666104235,H
0.0021864094153156,0.0052374265083473,0.0043623387375679,0.0013126316561691,0.007518156761232,0.008967029627223,0.0113774510317651,0.0031571280352969,0.0027981848478814,0.0028859556272859,0.0058033515337616,0.0038854945031911,0.0038566742472673,0.0039483750615705,0.0074434860981565,0.0044841698194279,0.0037466332701034,0.005743090998648,0.0045929007849589,0.0042378876324421,T
0.0026553935798949,0.0053409174273467,0.0053710476949035,0.0011934205975749,0.0066600991416803,0.0077382387155597,0.0120586570808748,0.0031007975350821,0.0029056058017795,0.0058033515337616,0.0034047202339156,0.0050514048564751,0.0045850407151615,0.0043977090516563,0.0074762363889791,0.0051313155660822,0.0033510097569666,0.0064321571175552,0.0101447300852031,0.0090010899296785,R
0.0023187205902388,0.0041789371089615,0.0044474894937067,0.0010519393412213,0.0049059935652228,0.0056736603821041,0.0083906245087456,0.0025099822886427,0.0020776784497846,0.0038854945031911,0.0050514048564751,0.0017658956811536,0.0030457770465001,0.0027012439870466,0.0052544566595751,0.0032344187216382,0.0022466699504291,0.0043492386212389,0.0032134585355117,0.0030719772791582,P
0.0016912250180781,0.0032920592334859,0.0031623680818285,0.0007087162934006,0.0042156174346828,0.0049230237164506,0.0074054957608023,0.001923097077102,0.001801265995242,0.0038566742472673,0.0045850407151615,0.0030457770465001,0.0015038933545729,0.0027064840335782,0.0046544713317054,0.003020886825475,0.0026658736729582,0.0037151929909137,0.0031505779771324,0.0028872656389188,Q
0.0013702721680168,0.0030221968371079,0.0031086576048795,0.0007349165260587,0.0034086502688143,0.0043086282606189,0.0057051006612938,0.001720045274002,0.0018261562162672,0.0039483750615705,0.0043977090516563,0.0027012439870466,0.0027064840335782,0.0017134952158375,0.0042012073067208,0.0033483897337008,0.0026069231494775,0.0041186765738479,0.0030523271046646,0.0034217503851434,N
0.0034492606294343,0.0091648413837914,0.0067609700374139,0.0020252779844685,0.0138415829132562,0.016540206877037,0.0224391892600006,0.005283276915499,0.0030641172093608,0.0074434860981565,0.0074762363889791,0.0052544566595751,0.0046544713317054,0.0042012073067208,0.0066155587461616,0.0055701694631048,0.004294218132657,0.0076766681688133,0.0050068644609564,0.0043793688887957,A
0.0017920959138117,0.0041252266320124,0.0035514415368008,0.0010309791550948,0.0051548957754744,0.0060050933252287,0.0079478405768243,0.0023750510904536,0.0023855311835169,0.0044841698194279,0.0051313155660822,0.0032344187216382,0.003020886825475,0.0033483897337008,0.0055701694631048,0.0019335771701652,0.002899055743615,0.0047225919366163,0.0038658443286976,0.0037951037005208,S
0.00138075226108,0.003020886825475,0.0033798300128905,0.0006969261887045,0.0041383267483415,0.005215156310588,0.0063758266173403,0.001801265995242,0.0016126243201039,0.0037466332701034,0.0033510097569666,0.0022466699504291,0.0026658736729582,0.0026069231494775,0.004294218132657,0.002899055743615,0.0010977897483729,0.0038907345497228,0.0058282417547867,0.0057221308125216,K
0.0022925203575807,0.0054601284859409,0.0047370020645783,0.0014881732149781,0.00669153942087,0.0084207547763024,0.0104329326444418,0.003264548989195,0.0028270051038053,0.005743090998648,0.0064321571175552,0.0043492386212389,0.0037151929909137,0.0041186765738479,0.0076766681688133,0.0047225919366163,0.0038907345497228,0.0037492532933692,0.0042575378069357,0.0045942107965918,G
0.0018916567979123,0.003846194154204,0.0044710697030989,0.0008501975497542,0.0049138536350202,0.0058439618943816,0.0077526488435217,0.0022217797294039,0.0030850773954872,0.0045929007849589,0.0101447300852031,0.0032134585355117,0.0031505779771324,0.0030523271046646,0.0050068644609564,0.0038658443286976,0.0058282417547867,0.0042575378069357,0.0014344627380291,0.0024955721606807,E
0.0016938450413439,0.0029331160460704,0.0039601651662666,0.0007322965027929,0.0038095138284827,0.0048535930999067,0.0059474528133809,0.001909996960773,0.002939666104235,0.0042378876324421,0.0090010899296785,0.0030719772791582,0.0028872656389188,0.0034217503851434,0.0043793688887957,0.0037951037005208,0.0057221308125216,0.0045942107965918,0.0024955721606807,0.0012916714700426,D
