W|F|Y|C|I|V|L|M|H|T|R|P|Q|N|A|S|K|G|E|D|AA
0.0008869966294128083|0.0026609898882384245|0.0037253858435337944|0.0003547986517651233|0.0026609898882384245|0.0033705871917686712|0.0033705871917686712|0.0014191946070604932|0.0014191946070604932|0.002483590562355863|0.0026609898882384245|0.0021287919105907396|0.0014191946070604932|0.0007095973035302466|0.0033705871917686712|0.0010643959552953698|0.0007095973035302466|0.001951392584708178|0.001951392584708178|0.001951392584708178|W
0.0026609898882384245|0.006386375731772219|0.010111761575306013|0.0015965939329430547|0.012240553485896753|0.011530956182366508|0.02057832180237715|0.0067411743835373425|0.0044349831470640415|0.006031577080007096|0.005499379102359411|0.003547986517651233|0.0028383892141209863|0.004080184495298918|0.010289160901188575|0.003015788540003548|0.004257583821181479|0.0067411743835373425|0.005676778428241973|0.004080184495298918|F
0.0037253858435337944|0.010111761575306013|0.0044349831470640415|0.0012417952811779316|0.007450771687067589|0.007450771687067589|0.012595352137661877|0.0028383892141209863|0.0031931878658861094|0.006918573709419904|0.0062089764058896576|0.004789781798829164|0.0031931878658861094|0.004789781798829164|0.007982969664715274|0.004967181124711726|0.0044349831470640415|0.007095973035302466|0.008515167642362959|0.005144580450594288|Y
0.0003547986517651233|0.0015965939329430547|0.0012417952811779316|0.00017739932588256165|0.001951392584708178|0.001951392584708178|0.001951392584708178|0.0012417952811779316|0.0010643959552953698|0.0012417952811779316|0.00017739932588256165|0.0012417952811779316|0.0008869966294128083|0.0010643959552953698|0.001951392584708178|0.0005321979776476849|0.0008869966294128083|0.0014191946070604932|0.0003547986517651233|0.0003547986517651233|C
0.0026609898882384245|0.012240553485896753|0.007450771687067589|0.001951392584708178|0.00869256696824552|0.014724144048252617|0.021997516409437645|0.007450771687067589|0.003547986517651233|0.007805570338832712|0.005854177754124534|0.0062089764058896576|0.0062089764058896576|0.005321979776476849|0.01401454674472237|0.005676778428241973|0.005854177754124534|0.0067411743835373425|0.004967181124711726|0.005676778428241973|I
0.0033705871917686712|0.011530956182366508|0.007450771687067589|0.001951392584708178|0.014724144048252617|0.007450771687067589|0.02164271775767252|0.005499379102359411|0.003015788540003548|0.004257583821181479|0.005499379102359411|0.005854177754124534|0.0026609898882384245|0.004257583821181479|0.015256342025900302|0.0028383892141209863|0.004080184495298918|0.010466560227071138|0.004612382472946603|0.0033705871917686712|V
0.0033705871917686712|0.02057832180237715|0.012595352137661877|0.001951392584708178|0.021997516409437645|0.02164271775767252|0.020223523150612027|0.009224764945893206|0.004080184495298918|0.009224764945893206|0.009224764945893206|0.008160368990597836|0.006386375731772219|0.005144580450594288|0.021110519780024838|0.0062089764058896576|0.006031577080007096|0.009224764945893206|0.007450771687067589|0.004080184495298918|L
0.0014191946070604932|0.0067411743835373425|0.0028383892141209863|0.0012417952811779316|0.007450771687067589|0.005499379102359411|0.009224764945893206|0.0015965939329430547|0.0014191946070604932|0.0033705871917686712|0.0026609898882384245|0.0023061912364733014|0.0012417952811779316|0.0037253858435337944|0.004789781798829164|0.0021287919105907396|0.003015788540003548|0.003015788540003548|0.0021287919105907396|0.0021287919105907396|M
0.0014191946070604932|0.0044349831470640415|0.0031931878658861094|0.0010643959552953698|0.003547986517651233|0.003015788540003548|0.004080184495298918|0.0014191946070604932|0.002483590562355863|0.0021287919105907396|0.0015965939329430547|0.0026609898882384245|0.002483590562355863|0.0031931878658861094|0.004257583821181479|0.0031931878658861094|0.0015965939329430547|0.0015965939329430547|0.003015788540003548|0.003902785169416356|H
0.002483590562355863|0.006031577080007096|0.006918573709419904|0.0012417952811779316|0.007805570338832712|0.004257583821181479|0.009224764945893206|0.0033705871917686712|0.0021287919105907396|0.0015965939329430547|0.0062089764058896576|0.005144580450594288|0.001951392584708178|0.0044349831470640415|0.007095973035302466|0.0044349831470640415|0.004257583821181479|0.004967181124711726|0.0044349831470640415|0.004080184495298918|T
0.0026609898882384245|0.005499379102359411|0.0062089764058896576|0.00017739932588256165|0.005854177754124534|0.005499379102359411|0.009224764945893206|0.0026609898882384245|0.0015965939329430547|0.0062089764058896576|0.0037253858435337944|0.004257583821181479|0.005499379102359411|0.0033705871917686712|0.007628171012950151|0.004612382472946603|0.003015788540003548|0.0062089764058896576|0.011708355508249068|0.009224764945893206|R
0.0021287919105907396|0.003547986517651233|0.004789781798829164|0.0012417952811779316|0.0062089764058896576|0.005854177754124534|0.008160368990597836|0.0023061912364733014|0.0026609898882384245|0.005144580450594288|0.004257583821181479|0.0015965939329430547|0.0026609898882384245|0.003015788540003548|0.0067411743835373425|0.004080184495298918|0.003547986517651233|0.005321979776476849|0.0033705871917686712|0.005144580450594288|P
0.0014191946070604932|0.0028383892141209863|0.0031931878658861094|0.0008869966294128083|0.0062089764058896576|0.0026609898882384245|0.006386375731772219|0.0012417952811779316|0.002483590562355863|0.001951392584708178|0.005499379102359411|0.0026609898882384245|0.0012417952811779316|0.003547986517651233|0.005499379102359411|0.0026609898882384245|0.0033705871917686712|0.003902785169416356|0.0037253858435337944|0.0031931878658861094|Q
0.0007095973035302466|0.004080184495298918|0.004789781798829164|0.0010643959552953698|0.005321979776476849|0.004257583821181479|0.005144580450594288|0.0037253858435337944|0.0031931878658861094|0.0044349831470640415|0.0033705871917686712|0.003015788540003548|0.003547986517651233|0.0021287919105907396|0.006031577080007096|0.003547986517651233|0.0031931878658861094|0.004789781798829164|0.004257583821181479|0.0033705871917686712|N
0.0033705871917686712|0.010289160901188575|0.007982969664715274|0.001951392584708178|0.01401454674472237|0.015256342025900302|0.021110519780024838|0.004789781798829164|0.004257583821181479|0.007095973035302466|0.007628171012950151|0.0067411743835373425|0.005499379102359411|0.006031577080007096|0.008515167642362959|0.005321979776476849|0.004789781798829164|0.00869256696824552|0.006031577080007096|0.0028383892141209863|A
0.0010643959552953698|0.003015788540003548|0.004967181124711726|0.0005321979776476849|0.005676778428241973|0.0028383892141209863|0.0062089764058896576|0.0021287919105907396|0.0031931878658861094|0.0044349831470640415|0.004612382472946603|0.004080184495298918|0.0026609898882384245|0.003547986517651233|0.005321979776476849|0.0017739932588256165|0.0028383892141209863|0.0044349831470640415|0.003547986517651233|0.0023061912364733014|S
0.0007095973035302466|0.004257583821181479|0.0044349831470640415|0.0008869966294128083|0.005854177754124534|0.004080184495298918|0.006031577080007096|0.003015788540003548|0.0015965939329430547|0.004257583821181479|0.003015788540003548|0.003547986517651233|0.0033705871917686712|0.0031931878658861094|0.004789781798829164|0.0028383892141209863|0.0015965939329430547|0.0044349831470640415|0.007095973035302466|0.006563775057654781|K
0.001951392584708178|0.0067411743835373425|0.007095973035302466|0.0014191946070604932|0.0067411743835373425|0.010466560227071138|0.009224764945893206|0.003015788540003548|0.0015965939329430547|0.004967181124711726|0.0062089764058896576|0.005321979776476849|0.003902785169416356|0.004789781798829164|0.00869256696824552|0.0044349831470640415|0.0044349831470640415|0.0023061912364733014|0.004080184495298918|0.0031931878658861094|G
0.001951392584708178|0.005676778428241973|0.008515167642362959|0.0003547986517651233|0.004967181124711726|0.004612382472946603|0.007450771687067589|0.0021287919105907396|0.003015788540003548|0.0044349831470640415|0.011708355508249068|0.0033705871917686712|0.0037253858435337944|0.004257583821181479|0.006031577080007096|0.003547986517651233|0.007095973035302466|0.004080184495298918|0.001951392584708178|0.004080184495298918|E
0.001951392584708178|0.004080184495298918|0.005144580450594288|0.0003547986517651233|0.005676778428241973|0.0033705871917686712|0.004080184495298918|0.0021287919105907396|0.003902785169416356|0.004080184495298918|0.009224764945893206|0.005144580450594288|0.0031931878658861094|0.0033705871917686712|0.0028383892141209863|0.0023061912364733014|0.006563775057654781|0.0031931878658861094|0.004080184495298918|0.0012417952811779316|D
