W,F,Y,C,I,V,L,M,H,T,R,P,Q,N,A,S,K,G,E,D,AA
30.08597971826858,7.159906349315366,0.19944429544541173,20.930647033569233,-0.1952981129336818,28.552000017349734,25.83868519295426,-1.171815273246789,-16.788345377210913,-13.93464048493914,7.317900060692585,21.857653064170897,8.148519391055599,-19.289619982177893,16.00690038044304,37.855624675075546,-2.0863392941656986,3.841057452177347,10.668466031389203,37.91083883211945,W
7.159906349315366,76.39965533890401,14.978272023531003,16.875683716248314,12.47551050338673,2.4569201125444637,10.013224895715332,-3.4035981200486973,1.3904035593773871,-1.355253841731607,-16.687107490030613,-14.200604259479869,1.6390259336666797,20.108567346775065,5.808193086626461,6.601907117283902,-1.805369033603782,13.39288778760452,-8.68026349820197,6.674463595858758,F
0.19944429544541173,14.978272023531003,8.522776259235913,14.31368586217618,-8.774216948618056,-2.0742961691813613,12.62863007420107,-13.164410912308666,29.92991533305615,7.480061412381415,-15.104222299222714,-4.835769681741009,-6.797246104488706,20.82684720810958,10.341992015237343,33.053965752015365,-11.644448738562149,-8.031866080214996,-16.31706828331312,-19.296776577755093,Y
20.930647033569233,16.875683716248314,14.31368586217618,inf,38.24030806988487,-6.686703201497127,23.99283234431789,-0.021772112960150147,inf,10.775801454689512,2.1822013687361963,22.93385087197725,55.78752519046214,-3.9112789071630303,11.402993360393559,25.902188596376817,-29.16891773440742,6.393250201282005,30.041807570484547,23.212920034222797,C
-0.1952981129336818,12.47551050338673,-8.774216948618056,38.24030806988487,10.581718870103412,7.469953275677119,7.7892919906987075,12.444873194841625,5.534645895579317,3.8506279938839953,-9.335915172668075,-12.586935889533013,10.150244602965673,-3.7316895085055495,7.869721208089891,18.25654381112202,-17.88858614959135,17.849994912876433,15.664934706964406,9.355416747723924,I
28.552000017349734,2.4569201125444637,-2.0742961691813613,-6.686703201497127,7.469953275677119,2.8757808907383744,4.4013050459464,-18.008226242809823,-20.54536102489493,-1.3664023543332227,-17.382605566392225,-6.103984058388416,1.1258595024441505,18.527991579272896,7.852258388516317,15.951628684397736,-10.428144100376773,-7.7342418939137625,0.6048861461901374,11.978918973411455,V
25.83868519295426,10.013224895715332,12.62863007420107,23.99283234431789,7.7892919906987075,4.4013050459464,8.840807212931455,11.475773754561615,-18.292024434634406,-3.3244911544228595,-3.5142384252601473,8.192802136427394,17.315480398440446,-3.18544760409957,3.948066462595183,16.521846708568223,-8.46588261519616,2.581193190964213,18.361236198451074,-0.004793116770159525,L
-1.171815273246789,-3.4035981200486973,-13.164410912308666,-0.021772112960150147,12.444873194841625,-18.008226242809823,11.475773754561615,-21.789577601132656,-25.712037630660816,-5.240374136739894,-38.77580755367491,-30.51249618744933,6.6400558019401394,-27.45981308267381,-7.923980699417456,7.824389113103949,-17.361020063316186,-14.961029491363917,0.818528061838941,0.0899941992258011,M
-16.788345377210913,1.3904035593773871,29.92991533305615,inf,5.534645895579317,-20.54536102489493,-18.292024434634406,-25.712037630660816,20.378455065802818,-18.222364328716907,-18.993308282747,-24.931475222335862,2.403039188962661,-28.36096753071404,2.3275084613887373,6.796379969271703,-21.71680293209451,-2.35666286546191,-14.74600456421171,-7.93966482435387,H
-13.93464048493914,-1.355253841731607,7.480061412381415,10.775801454689512,3.8506279938839953,-1.3664023543332227,-3.3244911544228595,-5.240374136739894,-18.222364328716907,-4.750805087597203,-18.204646810973983,-10.634864207432626,-3.1463974638224133,-5.887384612414016,11.845744942565391,33.30890226423598,-18.36787568003152,11.725608913658547,0.09314473592772632,17.737558545375606,T
7.317900060692585,-16.687107490030613,-15.104222299222714,2.1822013687361963,-9.335915172668075,-17.382605566392225,-3.5142384252601473,-38.77580755367491,-18.993308282747,-18.204646810973983,-5.994961918015215,-25.65482266546325,-16.279862915360006,-26.12892125468267,-9.138743932491318,-6.267369842632682,-33.74627445951797,-19.38321755458972,-24.342687590915162,-15.530034153682475,R
21.857653064170897,-14.200604259479869,-4.835769681741009,22.93385087197725,-12.586935889533013,-6.103984058388416,8.192802136427394,-30.51249618744933,-24.931475222335862,-10.634864207432626,-25.65482266546325,-10.625591144135148,-7.355758234218062,9.422069236666589,-2.161869872860829,12.621901152353878,-11.531635568509358,9.66981404009974,3.1259876912081106,16.030552140704447,P
8.148519391055599,1.6390259336666797,-6.797246104488706,55.78752519046214,10.150244602965673,1.1258595024441505,17.315480398440446,6.6400558019401394,2.403039188962661,-3.1463974638224133,-16.279862915360006,-7.355758234218062,10.151320670335515,8.05875512496949,-9.449694462085334,-5.184993475391522,-0.07931398488374641,13.371102877875646,-7.232779321934743,-14.2915201216264,Q
-19.289619982177893,20.108567346775065,20.82684720810958,-3.9112789071630303,-3.7316895085055495,18.527991579272896,-3.18544760409957,-27.45981308267381,-28.36096753071404,-5.887384612414016,-26.12892125468267,9.422069236666589,8.05875512496949,1.9304376329243411,2.313855352368896,16.494304465028673,-18.659604072238583,-1.2568767966974121,18.827220875779492,1.9784055576298458,N
16.00690038044304,5.808193086626461,10.341992015237343,11.402993360393559,7.869721208089891,7.852258388516317,3.948066462595183,-7.923980699417456,2.3275084613887373,11.845744942565391,-9.138743932491318,-2.161869872860829,-9.449694462085334,2.313855352368896,5.67509111865651,0.006871072041661893,-17.777212743086586,0.7948940274645584,-14.291229127746648,16.59897460742698,A
37.855624675075546,6.601907117283902,33.053965752015365,25.902188596376817,18.25654381112202,15.951628684397736,16.521846708568223,7.824389113103949,6.796379969271703,33.30890226423598,-6.267369842632682,12.621901152353878,-5.184993475391522,16.494304465028673,0.006871072041661893,74.66713333146447,-14.98619655237485,24.737780488673213,-3.3179457784661692,4.4776253493736515,S
-2.0863392941656986,-1.805369033603782,-11.644448738562149,-29.16891773440742,-17.88858614959135,-10.428144100376773,-8.46588261519616,-17.361020063316186,-21.71680293209451,-18.36787568003152,-33.74627445951797,-11.531635568509358,-0.07931398488374641,-18.659604072238583,-17.777212743086586,-14.98619655237485,-30.67439542310066,-22.404476226489127,-14.900385265262248,-19.95371534118511,K
3.841057452177347,13.39288778760452,-8.031866080214996,6.393250201282005,17.849994912876433,-7.7342418939137625,2.581193190964213,-14.961029491363917,-2.35666286546191,11.725608913658547,-19.38321755458972,9.66981404009974,13.371102877875646,-1.2568767966974121,0.7948940274645584,24.737780488673213,-22.404476226489127,24.642019795559936,-2.2424495131655235,12.927053339722255,G
10.668466031389203,-8.68026349820197,-16.31706828331312,30.041807570484547,15.664934706964406,0.6048861461901374,18.361236198451074,0.818528061838941,-14.74600456421171,0.09314473592772632,-24.342687590915162,3.1259876912081106,-7.232779321934743,18.827220875779492,-14.291229127746648,-3.3179457784661692,-14.900385265262248,-2.2424495131655235,-16.96723516568083,-10.214444598988665,E
37.91083883211945,6.674463595858758,-19.296776577755093,23.212920034222797,9.355416747723924,11.978918973411455,-0.004793116770159525,0.0899941992258011,-7.93966482435387,17.737558545375606,-15.530034153682475,16.030552140704447,-14.2915201216264,1.9784055576298458,16.59897460742698,4.4776253493736515,-19.95371534118511,12.927053339722255,-10.214444598988665,5.942505331588631,D
