W,F,Y,C,I,V,L,M,H,T,R,P,Q,N,A,S,K,G,E,D,AA
0.39645889418098984,0.945189687233601,0.7752743199631167,0.7933319527852557,1.0022198650584493,0.5658280736065429,0.7369738921947282,1.298876362128125,0.9764749039059635,1.5886627906976742,0.6339004149377594,0.48219950969788733,1.2345448682513358,1.6717431413006691,0.679275486911926,0.7050157677876758,1.7099279244801633,0.7207105278044917,0.6727285290718126,0.25686311829642405,W
0.945189687233601,0.13433302919305856,0.43846278205039385,1.0022143441505316,0.6879301334989403,0.9515595562068244,0.8602745670990117,0.9413103549240102,0.5531153263518409,0.9413103549240102,1.3962715226735165,1.348424911198178,0.7096215351812367,0.6202279407786774,0.8450288735824115,1.058118592407869,0.6826400089426871,0.6811898360164766,0.9764162256367621,0.8652115678469693,F
0.7752743199631167,0.43846278205039385,0.5091396575220715,0.846184655755818,1.084426200286225,0.9803286975077137,0.6405163853028798,1.3081447963800907,0.29665803108808286,0.6195177914886314,1.0784346902237,0.9006927754154599,0.9210940798777504,0.5484478192897936,0.6706835382325765,0.4189621099372972,0.8689561307847599,0.8919910491257286,0.9156218943916066,1.0334819807387825,Y
0.7933319527852557,1.0022143441505316,0.846184655755818,0.0,0.4282826133219834,1.2875157133878066,0.8114397375277429,1.2208709235232236,0.0,1.0579499930929688,0.9066469282013323,0.7932891466445733,0.1865180854950676,1.2696913196602444,0.8460570875665214,0.5597860519518495,1.481744057490326,0.8276999324172111,1.0579139918547662,1.2695796231103749,C
1.0022198650584493,0.6879301334989403,1.084426200286225,0.4282826133219834,1.098189325441849,1.0543336021277199,1.0337672099464306,0.7604909506969003,0.8274854064978301,1.1741033798297849,1.6556010016694491,1.2160005144032922,0.9229944302841498,0.9681195350163928,0.9927965134984935,0.9519218782464159,1.7130319191530934,0.9063363336601015,0.8496232795443759,0.7397688741263581,I
0.5658280736065429,0.9515595562068244,0.9803286975077137,1.2875157133878066,1.0543336021277199,1.232511118785762,1.2509230188470781,1.679036080642913,1.5586113763024978,1.359012373722521,1.5934687042076618,1.0949586652206078,1.0581669439822519,0.6436929223744292,0.9395457971082053,1.0268980954827347,1.5090991858901746,1.1951989966555185,1.0581911499514496,0.8318812454249868,V
0.7369738921947282,0.8602745670990117,0.6405163853028798,0.8114397375277429,1.0337672099464306,1.2509230188470781,1.0003040733077653,0.909162445070587,1.6879912553390453,1.4006564261803103,1.2729712728035227,0.8984921131262595,0.7529119044627574,1.0962495785486206,1.0663636531289409,1.012953861562529,0.957263236605217,1.0301724734863906,0.5819650582362729,1.1134795678925569,L
1.298876362128125,0.9413103549240102,1.3081447963800907,1.2208709235232236,0.7604909506969003,1.679036080642913,0.909162445070587,1.8155515370705244,1.3610411170070849,1.2704757947226262,2.7217040623283633,2.31465476483159,1.0579860391181146,1.2392979256895373,1.5192219772154025,0.9974333135743926,1.3610411170070849,1.4920243471764747,1.270026965359884,1.098762084037903,M
0.9764749039059635,0.5531153263518409,0.29665803108808286,0.0,0.8274854064978301,1.5586113763024978,1.6879912553390453,1.3610411170070849,0.39633388566694283,1.6776577075828945,1.3617166617166618,1.3736353175605513,0.8460570875665214,1.303022073115531,0.7360345134317737,0.6604784622830671,1.270139032994397,0.8415677603544531,1.2572561651426988,0.7570868399435843,H
1.5886627906976742,0.9413103549240102,0.6195177914886314,1.0579499930929688,1.1741033798297849,1.359012373722521,1.4006564261803103,1.2704757947226262,1.6776577075828945,1.5887850467289717,1.34437078966059,0.9999230734164519,1.5504103908218465,1.0415410602910602,0.7246397775864745,0.49757557794902196,1.4995995571573268,0.7232215493085059,0.7731266254670446,0.6867856648678566,T
0.6339004149377594,1.3962715226735165,1.0784346902237,0.9066469282013323,1.6556010016694491,1.5934687042076618,1.2729712728035227,2.7217040623283633,1.3617166617166618,1.34437078966059,0.8784094359826752,1.8398100502808077,1.1648047797693484,1.5492830950969414,1.0329820724392749,1.3243768659307087,2.1461322463768115,1.272058516196447,1.355056890012642,1.1195314436035761,R
0.48219950969788733,1.348424911198178,0.9006927754154599,0.7932891466445733,1.2160005144032922,1.0949586652206078,0.8984921131262595,2.31465476483159,1.3736353175605513,0.9999230734164519,1.8398100502808077,1.0945647275926442,0.8988505747126436,0.4948402820991495,0.9373380001891969,0.6132981678704589,0.7778495735332127,0.780484064222382,0.7494660175855693,0.445263894649523,P
1.2345448682513358,0.7096215351812367,0.9210940798777504,0.1865180854950676,0.9229944302841498,1.0581669439822519,0.7529119044627574,1.0579860391181146,0.8460570875665214,1.5504103908218465,1.1648047797693484,0.8988505747126436,0.9066469282013323,0.7583709182753022,0.982230811159011,1.3297416396484327,0.8098263522492969,0.6337484433374845,0.963306427681168,1.371911131262752,Q
1.6717431413006691,0.6202279407786774,0.5484478192897936,1.2696913196602444,0.9681195350163928,0.6436929223744292,1.0962495785486206,1.2392979256895373,1.303022073115531,1.0415410602910602,1.5492830950969414,0.4948402820991495,0.7583709182753022,1.1040575503249828,0.7607895283606898,1.0022171011675276,1.4665089740926018,1.0581306727638051,0.5184306775762603,0.9519518272425249,N
0.679275486911926,0.8450288735824115,0.6706835382325765,0.8460570875665214,0.9927965134984935,0.9395457971082053,1.0663636531289409,1.5192219772154025,0.7360345134317737,0.7246397775864745,1.0329820724392749,0.9373380001891969,0.982230811159011,0.7607895283606898,0.8217703441521889,1.2623478801640868,1.362168431069347,1.0583368099012656,1.1513640149937525,0.7105609710711269,A
0.7050157677876758,1.058118592407869,0.4189621099372972,0.5597860519518495,0.9519218782464159,1.0268980954827347,1.012953861562529,0.9974333135743926,0.6604784622830671,0.49757557794902196,1.3243768659307087,0.6132981678704589,1.3297416396484327,1.0022171011675276,1.2623478801640868,0.19802236487885688,1.5892745790895866,0.6826400089426871,1.0947612869931695,0.963306427681168,S
1.7099279244801633,0.6826400089426871,0.8689561307847599,1.481744057490326,1.7130319191530934,1.5090991858901746,0.957263236605217,1.3610411170070849,1.270139032994397,1.4995995571573268,2.1461322463768115,0.7778495735332127,0.8098263522492969,1.4665089740926018,1.362168431069347,1.5892745790895866,1.057998064426932,1.7130319191530934,0.9966635227337389,1.0942492236978296,K
0.7207105278044917,0.6811898360164766,0.8919910491257286,0.8276999324172111,0.9063363336601015,1.1951989966555185,1.0301724734863906,1.4920243471764747,0.8415677603544531,0.7232215493085059,1.272058516196447,0.780484064222382,0.6337484433374845,1.0581306727638051,1.0583368099012656,0.6826400089426871,1.7130319191530934,0.6837970872996503,0.9274026472280836,0.6889625162501806,G
0.6727285290718126,0.9764162256367621,0.9156218943916066,1.0579139918547662,0.8496232795443759,1.0581911499514496,0.5819650582362729,1.270026965359884,1.2572561651426988,0.7731266254670446,1.355056890012642,0.7494660175855693,0.963306427681168,0.5184306775762603,1.1513640149937525,1.0947612869931695,0.9966635227337389,0.9274026472280836,1.2699149906697076,0.8415677603544531,E
0.25686311829642405,0.8652115678469693,1.0334819807387825,1.2695796231103749,0.7397688741263581,0.8318812454249868,1.1134795678925569,1.098762084037903,0.7570868399435843,0.6867856648678566,1.1195314436035761,0.445263894649523,1.371911131262752,0.9519518272425249,0.7105609710711269,0.963306427681168,1.0942492236978296,0.6889625162501806,0.8415677603544531,1.2208709235232236,D
