W,F,Y,C,I,V,L,M,H,T,R,P,Q,N,A,S,K,G,E,D,AA
-10.09420375339542,4.71180379833479,-10.8550158324357,10.87614169184236,-0.09899744612887941,3.820449138557016,12.583895488140495,10.184966054147687,-17.822236767943252,6.16853188648,-12.479996334105378,-9.81967049087481,17.299207244733147,3.0273350263777616,-0.7885053754073527,22.675507691463935,21.211441180123096,-10.38285594004645,-6.547549405215322,-21.118986113075206,W
4.71180379833479,-10.782063846439575,-20.828454463076294,16.971745143487883,-3.770056163851964,0.30051762209515165,3.476933269498224,-6.030314501153223,-24.32802718422979,-3.9819702228361327,-2.1901194340613306,-1.2179275387831967,-13.25829539235659,-0.6362999566978331,-1.5046520629865718,9.055341669996128,-18.386195202213223,-3.280296286112162,-9.71676472705011,0.386695326577294,F
-10.8550158324357,-20.828454463076294,-20.793531131467105,7.06020044326879,-5.254216767633664,-2.9371245612240124,-6.718345517633957,-1.4988291137539476,-22.844473667243236,-13.314560279221183,-11.82483735390997,-9.378101759733806,-10.366847006077219,-5.25962139161422,-7.006243303059528,-4.728559442817279,-17.744663572293877,-12.995816442469085,-20.145451383742667,-17.86648568838486,Y
10.87614169184236,16.971745143487883,7.06020044326879,59.93294368307171,1.413352471580297,4.288550604464437,14.918459544156423,8.645202949437635,-23.456166619046854,13.222315461180258,-2.0739791850919875,12.87700212630836,-17.140379908257312,6.458536144129658,4.142960158227484,0.7043959022436559,-12.09159831602566,-1.8194578249046685,32.486843680550415,33.578914367176985,C
-0.09899744612887941,-3.770056163851964,-5.254216767633664,1.413352471580297,14.64944066900975,9.767758067294285,9.231567257405104,0.5542782571774488,-2.6893197730409417,10.82126181732244,12.55965287583733,-4.093560023948238,6.670152635767307,-5.138791154425141,7.555745541945297,16.11667465391345,5.487959381221549,13.57893396831072,8.587575057063699,-3.7349778156990023,I
3.820449138557016,0.30051762209515165,-2.9371245612240124,4.288550604464437,9.767758067294285,11.954865475159734,14.124363471834167,4.497776632207556,-1.2715768419333395,11.955938743121294,2.851748266770677,-2.164211575060654,3.581278553144793,-0.6041350269584848,5.144053803605432,17.104363524615994,7.4436343814345785,0.009780095123319088,3.0612986505867514,3.9850523070884143,V
12.583895488140495,3.476933269498224,-6.718345517633957,14.918459544156423,9.231567257405104,14.124363471834167,8.85401094154811,7.339922549223001,4.444994808083021,11.308670660163452,6.967621876972357,3.544229063255197,4.989896790898844,0.8054963369321391,6.738599841120759,17.08081314734727,-10.362744586207686,3.872187313205073,-5.149072805757169,4.663432106636123,L
10.184966054147687,-6.030314501153223,-1.4988291137539476,8.645202949437635,0.5542782571774488,4.497776632207556,7.339922549223001,4.111280549297567,-12.324913088317158,5.156265386036196,4.708282597535051,5.936126246025869,9.088049493031802,-18.142240804273165,10.23814273271643,7.712776038727536,-3.9738955209725293,2.4165615192259664,11.199822266306722,4.18036064127637,M
-17.822236767943252,-24.32802718422979,-22.844473667243236,-23.456166619046854,-2.6893197730409417,-1.2715768419333395,4.444994808083021,-12.324913088317158,-19.815424420676532,4.247971316259029,-5.5846331384393455,-11.144330377428469,-4.856994013203414,-16.865790260984497,-10.982673604652062,-11.217754014950598,-11.331676666625041,-9.847753892711781,-4.803627171631136,-20.025095111431295,H
6.16853188648,-3.9819702228361327,-13.314560279221183,13.222315461180258,10.82126181732244,11.955938743121294,11.308670660163452,5.156265386036196,4.247971316259029,15.35570928170922,-5.352740051212008,-10.63820521501508,15.898269571182794,-4.119745047087873,-2.142038053335221,2.9948078765910857,-0.7703453301107281,-2.3472552845300543,-11.081792258021776,1.4196807100235014,T
-12.479996334105378,-2.1901194340613306,-11.82483735390997,-2.0739791850919875,12.55965287583733,2.851748266770677,6.967621876972357,4.708282597535051,-5.5846331384393455,-5.352740051212008,-11.6252626804103,0.8224760282481591,-9.654548505620953,-7.115843042030881,-7.729465498656916,5.9337887511763014,-0.5806264569113124,-8.932508571409185,-11.146934711945386,-10.62640456836323,R
-9.81967049087481,-1.2179275387831967,-9.378101759733806,12.87700212630836,-4.093560023948238,-2.164211575060654,3.544229063255197,5.936126246025869,-11.144330377428469,-10.63820521501508,0.8224760282481591,-6.701446257246517,-11.987008190095114,-21.13142618231672,-4.9722474812393465,-8.610932117187762,-22.442073774552977,-1.093781945352954,-9.398817731076178,-19.107699790189166,P
17.299207244733147,-13.25829539235659,-10.366847006077219,-17.140379908257312,6.670152635767307,3.581278553144793,4.989896790898844,9.088049493031802,-4.856994013203414,15.898269571182794,-9.654548505620953,-11.987008190095114,5.89514011650733,-3.9530778263548485,-10.228339142223003,7.191733375104222,-9.240123497603092,-6.437206562662978,-8.856333508500487,-0.5589221370473215,Q
3.0273350263777616,-0.6362999566978331,-5.25962139161422,6.458536144129658,-5.138791154425141,-0.6041350269584848,0.8054963369321391,-18.142240804273165,-16.865790260984497,-4.119745047087873,-7.115843042030881,-21.13142618231672,-3.9530778263548485,6.229608843360538,-9.55969202105536,16.5904853632804,-2.0311315794514315,1.1970535796409645,-9.703709871167018,-0.16009726065485477,N
-0.7885053754073527,-1.5046520629865718,-7.006243303059528,4.142960158227484,7.555745541945297,5.144053803605432,6.738599841120759,10.23814273271643,-10.982673604652062,-2.142038053335221,-7.729465498656916,-4.9722474812393465,-10.228339142223003,-9.55969202105536,-2.8498624318163523,10.124776579962983,-4.354131635819424,3.2572841814589264,-8.169963948982955,1.7591095422424627,A
22.675507691463935,9.055341669996128,-4.728559442817279,0.7043959022436559,16.11667465391345,17.104363524615994,17.08081314734727,7.712776038727536,-11.217754014950598,2.9948078765910857,5.9337887511763014,-8.610932117187762,7.191733375104222,16.5904853632804,10.124776579962983,4.338557607597212,5.133697125669672,8.156954320063774,0.6139973680397944,2.854071162807909,S
21.211441180123096,-18.386195202213223,-17.744663572293877,-12.09159831602566,5.487959381221549,7.4436343814345785,-10.362744586207686,-3.9738955209725293,-11.331676666625041,-0.7703453301107281,-0.5806264569113124,-22.442073774552977,-9.240123497603092,-2.0311315794514315,-4.354131635819424,5.133697125669672,-28.225908105875046,0.9720693043237747,-15.04552890092688,-16.042090623167397,K
-10.38285594004645,-3.280296286112162,-12.995816442469085,-1.8194578249046685,13.57893396831072,0.009780095123319088,3.872187313205073,2.4165615192259664,-9.847753892711781,-2.3472552845300543,-8.932508571409185,-1.093781945352954,-6.437206562662978,1.1970535796409645,3.2572841814589264,8.156954320063774,0.9720693043237747,8.134744450043453,-5.515616389653182,-3.2533872312767707,G
-6.547549405215322,-9.71676472705011,-20.145451383742667,32.486843680550415,8.587575057063699,3.0612986505867514,-5.149072805757169,11.199822266306722,-4.803627171631136,-11.081792258021776,-11.146934711945386,-9.398817731076178,-8.856333508500487,-9.703709871167018,-8.169963948982955,0.6139973680397944,-15.04552890092688,-5.515616389653182,-6.589770181796023,-17.705535626238543,E
-21.118986113075206,0.386695326577294,-17.86648568838486,33.578914367176985,-3.7349778156990023,3.9850523070884143,4.663432106636123,4.18036064127637,-20.025095111431295,1.4196807100235014,-10.62640456836323,-19.107699790189166,-0.5589221370473215,-0.16009726065485477,1.7591095422424627,2.854071162807909,-16.042090623167397,-3.2533872312767707,-17.705535626238543,14.609480393986415,D
