W,F,Y,C,I,V,L,M,H,T,R,P,Q,N,A,S,K,G,E,D,AA
5.481119653775846,-38.7022192398346,-41.892553020164186,-6.7358746294939085,-30.70958746194301,1.959138833049598,-10.259869680359895,-33.324889491623054,-37.67550523161024,-27.586575139272735,-12.928590780366378,-2.9950002436038923,-2.822627176592424,-23.809829052492933,6.934485786878743,32.976113342673756,-3.2082671323278285,3.816230509064615,8.570969715447648,40.53547133705388,W
-38.7022192398346,56.22619271573086,-27.505067780498564,-14.051604449642099,-27.291984031008575,-31.246041745344442,-29.460700219921915,-40.76705127077544,-11.100412992672053,-12.789789177623218,-24.213030590619862,-22.95808620184304,4.438353254902315,21.207311883288128,-5.174079861592095,5.603968788967401,7.0580524433774325,14.055437908491722,3.292964351391889,20.68082311571641,F
-41.892553020164186,-27.505067780498564,-6.4191965246281315,-10.115388454958005,-40.98289205578068,-29.530714678656857,-16.970360789643397,-43.48930458874492,1.5778504041104005,-8.790285002179182,-37.903938615392654,-28.060787458580545,-17.197741031873413,7.5164038585152,1.6827699402017158,24.454328652908057,-22.177180521155922,-12.732082782950688,-25.083024267564163,-29.95219740474061,Y
-6.7358746294939085,-14.051604449642099,-10.115388454958005,inf,12.818677328519462,-27.914183271648476,3.5658986280379708,-19.980758703963826,inf,7.9965033891900115,1.2214497653815446,21.61954363937393,69.52202911096784,3.819057672475232,12.36051437870919,33.25985238835997,-15.427398008132293,13.817993214574756,50.803633901496525,45.934460764319574,C
-30.70958746194301,-27.291984031008575,-40.98289205578068,12.818677328519462,-2.799295398722122,-29.054098639008696,-31.0726128818085,-16.68152950215412,4.054876908728991,-3.9214753083427043,-8.773264244979332,-8.46243019328177,20.569619400060464,9.966335064587383,-0.9890057391489953,26.904259858979756,-4.228195906463077,28.841268593898185,34.77510733104649,32.91127333808175,I
1.959138833049598,-31.246041745344442,-29.530714678656857,-27.914183271648476,-29.054098639008696,-1.8552726298463047,-28.1258465689571,-40.83711956463753,-20.8689665329493,-8.140131547034446,-15.972987530319854,0.040009381633785965,11.814999621403242,31.21369254682768,0.2083259679064877,25.222482630831493,2.841152897633506,2.716739077298482,19.569309995319067,34.163391959021496,V
-10.259869680359895,-29.460700219921915,-16.970360789643397,3.5658986280379708,-31.0726128818085,-28.1258465689571,-0.6975212133053733,-15.049134559246063,-17.59806079384697,-5.223474842015877,-4.07140387176428,12.542212910080936,27.931793876431822,14.197932504517286,-1.5287285105195452,29.654486641654582,11.060978886645998,18.86292545899196,41.18276502447676,29.313853046780107,L
-33.324889491623054,-40.76705127077544,-43.48930458874492,-19.980758703963826,-16.68152950215412,-40.83711956463753,-15.049134559246063,-19.270844210310834,-28.744559123756563,-8.955655825785168,-36.836807505285336,-30.083532538192483,17.945279980108587,-17.699805744838944,-9.266899501737372,15.555923477152866,-0.08551944326290792,-5.897714766036474,19.62986252745538,19.345445902189383,M
-37.67550523161024,-11.100412992672053,1.5778504041104005,inf,4.054876908728991,-20.8689665329493,-17.59806079384697,-28.744559123756563,22.06615880954853,-20.787663284465356,-24.00021592171992,-21.877063272204897,8.470406407335743,-27.174679317610245,20.55049409978752,10.229327744620468,-9.560393016034842,9.496093699031928,-17.8015224221198,-15.180266450331164,H
-27.586575139272735,-12.789789177623218,-8.790285002179182,7.9965033891900115,-3.9214753083427043,-8.140131547034446,-5.223474842015877,-8.955655825785168,-20.787663284465356,24.154293102773618,-15.7854927503048,-0.24889618903621397,6.020350704123882,-1.5775963681583576,26.134208887350248,43.53318557030486,-4.101449595885167,26.048463193396852,17.41394759616404,31.316582670678983,T
-12.928590780366378,-24.213030590619862,-37.903938615392654,1.2214497653815446,-8.773264244979332,-15.972987530319854,-4.07140387176428,-36.836807505285336,-24.00021592171992,-15.7854927503048,21.325155747097696,-24.365321847010943,-14.693484074090076,-25.16847299883405,9.017522069896572,0.9408663574449021,-12.34580005108671,-7.079632957213308,-44.86363674073988,-35.82012740105698,R
-2.9950002436038923,-22.95808620184304,-28.060787458580545,21.61954363937393,-8.46243019328177,0.040009381633785965,12.542212910080936,-30.083532538192483,-21.877063272204897,-0.24889618903621397,-24.365321847010943,27.460584289864233,4.52570193963303,22.163709519444573,19.20246073683064,31.165489190894363,15.826689863372714,29.323686813162368,27.605926711148214,38.74287889863524,P
-2.822627176592424,4.438353254902315,-17.197741031873413,69.52202911096784,20.569619400060464,11.814999621403242,27.931793876431822,17.945279980108587,8.470406407335743,6.020350704123882,-14.693484074090076,4.52570193963303,50.026226941543484,18.18780474621789,19.374833803841668,13.674629889952794,19.48428662019338,38.540773335259395,16.091671898684545,6.373984076932353,Q
-23.809829052492933,21.207311883288128,7.5164038585152,3.819057672475232,9.966335064587383,31.21369254682768,14.197932504517286,-17.699805744838944,-27.174679317610245,-1.5775963681583576,-25.16847299883405,22.163709519444573,18.18780474621789,26.574270374326442,29.94717594545651,25.867873145490016,-3.648934860175422,14.298976011153794,38.31443599040589,11.206315112428253,N
6.934485786878743,-5.174079861592095,1.6827699402017158,12.36051437870919,-0.9890057391489953,0.2083259679064877,-1.5287285105195452,-9.266899501737372,20.55049409978752,26.134208887350248,9.017522069896572,19.20246073683064,19.374833803841668,29.94717594545651,49.34841210426519,26.07318086464924,17.341112901920013,26.108530412671154,25.99884207471237,56.11959749088017,A
32.976113342673756,5.603968788967401,24.454328652908057,33.25985238835997,26.904259858979756,25.222482630831493,29.654486641654582,15.555923477152866,10.229327744620468,43.53318557030486,0.9408663574449021,31.165489190894363,13.674629889952794,25.867873145490016,26.07318086464924,120.71038389817832,8.695190400670608,46.78122574530696,20.47442724844601,22.690434443485053,S
-3.2082671323278285,7.0580524433774325,-22.177180521155922,-15.427398008132293,-4.228195906463077,2.841152897633506,11.060978886645998,-0.08551944326290792,-9.560393016034842,-4.101449595885167,-12.34580005108671,15.826689863372714,19.48428662019338,-3.648934860175422,17.341112901920013,8.695190400670608,31.618803375199107,4.698244573649939,-19.41730127562693,-27.613691980817496,K
3.816230509064615,14.055437908491722,-12.732082782950688,13.817993214574756,28.841268593898185,2.716739077298482,18.86292545899196,-5.897714766036474,9.496093699031928,26.048463193396852,-7.079632957213308,29.323686813162368,38.540773335259395,14.298976011153794,26.108530412671154,46.78122574530696,4.698244573649939,67.96949146131406,33.39922766324836,38.83237467398383,G
8.570969715447648,3.292964351391889,-25.083024267564163,50.803633901496525,34.77510733104649,19.569309995319067,41.18276502447676,19.62986252745538,-17.8015224221198,17.41394759616404,-44.86363674073988,27.605926711148214,16.091671898684545,38.31443599040589,25.99884207471237,20.47442724844601,-19.41730127562693,33.39922766324836,60.30171186630026,34.302723533024086,E
40.53547133705388,20.68082311571641,-29.95219740474061,45.934460764319574,32.91127333808175,34.163391959021496,29.313853046780107,19.345445902189383,-15.180266450331164,31.316582670678983,-35.82012740105698,38.74287889863524,6.373984076932353,11.206315112428253,56.11959749088017,22.690434443485053,-27.613691980817496,38.83237467398383,34.302723533024086,71.00230203717375,D
