W,F,Y,C,I,V,L,M,H,T,R,P,Q,N,A,S,K,G,E,D,AA
-34.699063817884785,-41.150321790813,-52.94701314804281,-16.790379971215938,-30.613286795137324,-22.772412045742943,-23.514659385173374,-21.96810816422532,-38.709396622340805,-7.483402767851794,-32.726487175163385,-34.67232379864772,6.328060677086605,-1.4928740439338781,-9.860919968970501,17.79599635906332,20.089513341962515,-10.40768288315785,-8.64504572115548,-18.494353608140194,W
-41.150321790813,-30.955526469611506,-63.311794267104645,-13.955543022400729,-43.53755069824683,-33.40244423579321,-35.99699184613869,-43.393767651878704,-36.818843736278595,-15.416505558727527,-9.716042534650567,-9.975409481146352,-10.458968071120822,0.46244457981638887,-12.486925011204718,8.057403341680516,-9.522773725231433,-2.617746165224636,2.256463122543896,14.393054846434966,F
-52.94701314804281,-63.311794267104645,-35.73550391532917,-17.368873873863652,-37.46289187479588,-30.39354307069944,-36.31733638147791,-31.82372279018845,-51.19653859618861,-29.584906693780617,-34.624553670079244,-32.603119536573224,-20.76734193346166,-18.570064741206664,-15.665465378094613,-13.328196541923305,-28.27739535488715,-17.696033145204364,-28.911407367993647,-28.521906515369544,Y
-16.790379971215938,-13.955543022400729,-17.368873873863652,13.598699623373228,-24.00827826978218,-16.938929465685746,-5.508474172121987,-11.313783641563266,-39.51717112352874,10.443017395680872,-3.0347307884443477,11.56269489370513,-3.405875987748061,14.188872723770347,5.100481176544282,8.06205969422865,1.6499214102504027,5.605285188390276,53.24867001156255,56.30045509727519,C
-30.613286795137324,-43.53755069824683,-37.46289187479588,-24.00827826978218,1.2684264001847279,-26.75629384739103,-29.630337615101954,-28.57212443981773,-4.169088759891117,3.049158515096171,13.122303803526261,0.030945672303552527,17.089527432862894,8.55923341866857,-1.302981405293448,24.76439070177178,19.14834962435026,24.570207649332794,27.697747681146375,19.820878774659384,I
-22.772412045742943,-33.40244423579321,-30.39354307069944,-16.938929465685746,-26.75629384739103,7.223811954575292,-18.402788143069326,-18.3311166896196,-1.5951823499868123,5.1822095504206045,4.2613663028431565,3.9797818649618644,14.270418672104505,12.081565940596759,-2.4998786170042866,26.375217471049922,20.71293137944515,10.460761066335621,22.025722499715812,26.169525292698964,V
-23.514659385173374,-35.99699184613869,-36.31733638147791,-5.508474172121987,-29.630337615101954,-18.402788143069326,-0.6843174846885837,-19.184985764584027,5.138958448871203,9.409686972570624,6.410456430468569,7.893639836908791,15.606210268890349,18.188876445549333,1.2618048680062397,30.21345308043396,9.164116915634542,20.153919581232945,17.672456020268626,33.98207827018656,L
-21.96810816422532,-43.393767651878704,-31.82372279018845,-11.313783641563266,-28.57212443981773,-18.3311166896196,-19.184985764584027,6.63001394012136,-15.357434581410626,1.4409836969914396,6.647282645925346,6.3650898952831785,20.393273671200543,-8.382233466437008,8.895223930396664,15.444310402777726,13.301605099081653,11.479876244553875,30.01115673192344,23.43581234424085,M
-38.709396622340805,-36.818843736278595,-51.19653859618861,-39.51717112352874,-4.169088759891117,-1.5951823499868123,5.138958448871203,-15.357434581410626,-18.127720676926742,1.682672360512281,-10.591540777410827,-8.08991842729744,1.2103732051712315,-15.679502047879692,7.240312033747644,-7.784806239601502,0.8247332494358889,2.005002671782291,-7.859145029538227,-27.26569673740687,H
-7.483402767851794,-15.416505558727527,-29.584906693780617,10.443017395680872,3.049158515096171,5.1822095504206045,9.409686972570624,1.4409836969914396,1.682672360512281,44.26080747208069,-2.9335859905422326,-0.25223719661836125,25.06501773912964,0.1900431971680603,12.146425891449914,13.219091182660417,13.496080754035955,11.975598995208777,6.239010602214924,14.998704835327128,T
-32.726487175163385,-9.716042534650567,-34.624553670079244,-3.0347307884443477,13.122303803526261,4.2613663028431565,6.410456430468569,6.647282645925346,-10.591540777410827,-2.9335859905422326,15.694854984703055,2.1119768467009936,-8.068169664350611,-6.155394786181797,10.426800503731336,13.142024951253923,20.819847951520654,3.3710760259672665,-31.667883861769596,-30.91649781573722,R
-34.67232379864772,-9.975409481146352,-32.603119536573224,11.56269489370513,0.030945672303552527,3.9797818649618644,7.893639836908791,6.3650898952831785,-8.08991842729744,-0.25223719661836125,2.1119768467009936,31.384729176753055,-0.10554801624338078,-8.389785899538142,16.392083128452313,9.932655921353376,4.916251657329758,18.56009082771009,15.081121288864404,3.604626967741647,P
6.328060677086605,-10.458968071120822,-20.76734193346166,-3.405875987748061,17.089527432862894,14.270418672104505,15.606210268890349,20.393273671200543,1.2103732051712315,25.06501773912964,-8.068169664350611,-0.10554801624338078,45.77004638771592,6.175971794893652,18.59618912370424,26.05135674044872,10.323477107474694,18.732463894721175,14.46811771211898,20.106582061512228,Q
-1.4928740439338781,0.46244457981638887,-18.570064741206664,14.188872723770347,8.55923341866857,12.081565940596759,18.188876445549333,-8.382233466437008,-15.679502047879692,0.1900431971680603,-6.155394786181797,-8.389785899538142,6.175971794893652,30.8734415847638,18.073628572032796,25.96405404374235,12.979537632612587,16.752906387492207,9.783505243460008,9.067812294143842,N
-9.860919968970501,-12.486925011204718,-15.665465378094613,5.100481176544282,-1.302981405293448,-2.4998786170042866,1.2618048680062397,8.895223930396664,7.240312033747644,12.146425891449914,10.426800503731336,16.392083128452313,18.59618912370424,18.073628572032796,40.82345855379241,36.19108637257057,30.764194009187218,28.57092056666565,32.12010725347621,41.27973242569586,A
17.79599635906332,8.057403341680516,-13.328196541923305,8.06205969422865,24.76439070177178,26.375217471049922,30.21345308043396,15.444310402777726,-7.784806239601502,13.219091182660417,13.142024951253923,9.932655921353376,26.05135674044872,25.96405404374235,36.19108637257057,50.381808174311274,28.8150840787152,30.20039957669788,24.406370394951978,21.066880256920026,S
20.089513341962515,-9.522773725231433,-28.27739535488715,1.6499214102504027,19.14834962435026,20.71293137944515,9.164116915634542,13.301605099081653,0.8247332494358889,13.496080754035955,20.819847951520654,4.916251657329758,10.323477107474694,12.979537632612587,30.764194009187218,28.8150840787152,34.06729069242495,28.07479010446287,-19.56244491129121,-23.702067262799535,K
-10.40768288315785,-2.617746165224636,-17.696033145204364,5.605285188390276,24.570207649332794,10.460761066335621,20.153919581232945,11.479876244553875,2.005002671782291,11.975598995208777,3.3710760259672665,18.56009082771009,18.732463894721175,16.752906387492207,28.57092056666565,30.20039957669788,28.07479010446287,51.46221611579793,30.126060786761155,22.65193410298498,G
-8.64504572115548,2.256463122543896,-28.911407367993647,53.24867001156255,27.697747681146375,22.025722499715812,17.672456020268626,30.01115673192344,-7.859145029538227,6.239010602214924,-31.667883861769596,15.081121288864404,14.46811771211898,9.783505243460008,32.12010725347621,24.406370394951978,-19.56244491129121,30.126060786761155,70.67917685018516,26.811632505774206,E
-18.494353608140194,14.393054846434966,-28.521906515369544,56.30045509727519,19.820878774659384,26.169525292698964,33.98207827018656,23.43581234424085,-27.26569673740687,14.998704835327128,-30.91649781573722,3.604626967741647,20.106582061512228,9.067812294143842,41.27973242569586,21.066880256920026,-23.702067262799535,22.65193410298498,26.811632505774206,79.66927709957218,D
