W,F,Y,C,I,V,L,M,H,T,R,P,Q,N,A,S,K,G,E,D,AA
-34.69906381788815,-41.150321790815184,-52.94701314804529,-16.79037997122078,-30.6132867951382,-22.772412045743113,-23.514659385173655,-21.96810816422858,-38.709396622342574,-7.483402767853595,-32.72648717516434,-34.672323798649586,6.328060677085122,-1.4928740439372792,-9.860919968971638,17.79599635906215,20.08951334196097,-10.407682883159186,-8.645045721156878,-18.49435360814079,W
-41.150321790815184,-30.955526469612714,-63.31179426710586,-13.95554302240252,-43.53755069824727,-33.40244423579375,-35.99699184613902,-43.39376765187997,-36.81884373627923,-15.416505558727744,-9.716042534650583,-9.975409481146368,-10.458968071120951,0.46244457981523884,-12.486925011205132,8.057403341679628,-9.522773725232005,-2.617746165224963,2.2564631225437544,14.393054846434945,F
-52.94701314804529,-63.31179426710586,-35.73550391533115,-17.368873873865397,-37.462891874796284,-30.393543070699508,-36.31733638147841,-31.823722790190207,-51.19653859618898,-29.584906693781782,-34.624553670079905,-32.60311953657334,-20.767341933461925,-18.570064741208604,-15.665465378095146,-13.32819654192458,-28.27739535488764,-17.696033145204787,-28.911407367993714,-28.52190651537039,Y
-16.79037997122078,-13.95554302240252,-17.368873873865397,13.598699623358524,-24.00827826978511,-16.938929465686915,-5.508474172123491,-11.313783641566046,-39.517171123531305,10.44301739568076,-3.0347307884466406,11.562694893705034,-3.4058759877516187,14.188872723767926,5.100481176543121,8.062059694226809,1.6499214102494613,5.605285188388076,53.24867001156238,56.30045509727376,C
-30.6132867951382,-43.53755069824727,-37.462891874796284,-24.00827826978511,1.2684264001842114,-26.756293847391525,-29.6303376151021,-28.572124439818293,-4.169088759891266,3.0491585150957365,13.122303803526087,0.030945672303002467,17.089527432862102,8.559233418667791,-1.3029814052935884,24.764390701771195,19.148349624349827,24.570207649332477,27.697747681145778,19.82087877465882,I
-22.772412045743113,-33.40244423579375,-30.393543070699508,-16.938929465686915,-26.756293847391525,7.223811954575053,-18.402788143069344,-18.331116689620167,-1.5951823499876954,5.182209550420078,4.261366302843051,3.9797818649615575,14.27041867210388,12.081565940596294,-2.499878617004396,26.37521747104975,20.712931379444854,10.460761066335568,22.025722499715684,26.169525292698452,V
-23.514659385173655,-35.99699184613902,-36.31733638147841,-5.508474172123491,-29.6303376151021,-18.402788143069344,-0.6843174846887166,-19.184985764584678,5.138958448870454,9.409686972570439,6.410456430468228,7.893639836908737,15.606210268890228,18.188876445549,1.2618048680060312,30.213453080433627,9.164116915634475,20.153919581232817,17.672456020268523,33.98207827018639,L
-21.96810816422858,-43.39376765187997,-31.823722790190207,-11.313783641566046,-28.572124439818293,-18.331116689620167,-19.184985764584678,6.630013940119389,-15.357434581412907,1.440983696990931,6.647282645924621,6.36508989528272,20.39327367120025,-8.382233466438302,8.895223930396504,15.444310402776454,13.30160509908075,11.479876244553404,30.011156731923155,23.435812344239952,M
-38.709396622342574,-36.81884373627923,-51.19653859618898,-39.517171123531305,-4.169088759891266,-1.5951823499876954,5.138958448870454,-15.357434581412907,-18.12772067693081,1.6826723605105822,-10.591540777412263,-8.089918427297503,1.2103732051696696,-15.679502047880705,7.24031203374672,-7.784806239601832,0.824733249434626,2.0050026717820484,-7.859145029539216,-27.2656967374086,H
-7.483402767853595,-15.416505558727744,-29.584906693781782,10.44301739568076,3.0491585150957365,5.182209550420078,9.409686972570439,1.440983696990931,1.6826723605105822,44.260807472080046,-2.9335859905428276,-0.25223719661866806,25.065017739129093,0.1900431971677891,12.146425891449633,13.219091182659973,13.496080754035624,11.97559899520825,6.239010602214539,14.998704835326876,T
-32.72648717516434,-9.716042534650583,-34.624553670079905,-3.0347307884466406,13.122303803526087,4.261366302843051,6.410456430468228,6.647282645924621,-10.591540777412263,-2.9335859905428276,15.69485498470261,2.111976846700462,-8.06816966435102,-6.155394786182266,10.426800503730968,13.14202495125389,20.819847951519943,3.3710760259672297,-31.6678838617701,-30.916497815737724,R
-34.672323798649586,-9.975409481146368,-32.60311953657334,11.562694893705034,0.030945672303002467,3.9797818649615575,7.893639836908737,6.36508989528272,-8.089918427297503,-0.25223719661866806,2.111976846700462,31.384729176752863,-0.10554801624402532,-8.389785899538737,16.39208312845212,9.932655921352723,4.916251657329099,18.560090827709676,15.081121288863928,3.6046269677416367,P
6.328060677085122,-10.458968071120951,-20.767341933461925,-3.4058759877516187,17.089527432862102,14.27041867210388,15.606210268890228,20.39327367120025,1.2103732051696696,25.065017739129093,-8.06816966435102,-0.10554801624402532,45.770046387715304,6.175971794893546,18.596189123704008,26.05135674044854,10.323477107474035,18.732463894720773,14.4681177121188,20.10658206151144,Q
-1.4928740439372792,0.46244457981523884,-18.570064741208604,14.188872723767926,8.559233418667791,12.081565940596294,18.188876445549,-8.382233466438302,-15.679502047880705,0.1900431971677891,-6.155394786182266,-8.389785899538737,6.175971794893546,30.873441584762638,18.073628572032252,25.96405404374175,12.979537632611729,16.75290638749217,9.78350524345938,9.067812294143561,N
-9.860919968971638,-12.486925011205132,-15.665465378095146,5.100481176543121,-1.3029814052935884,-2.499878617004396,1.2618048680060312,8.895223930396504,7.24031203374672,12.146425891449633,10.426800503730968,16.39208312845212,18.596189123704008,18.073628572032252,40.823458553792335,36.19108637257056,30.76419400918717,28.57092056666553,32.12010725347607,41.27973242569565,A
17.79599635906215,8.057403341679628,-13.32819654192458,8.062059694226809,24.764390701771195,26.37521747104975,30.213453080433627,15.444310402776454,-7.784806239601832,13.219091182659973,13.14202495125389,9.932655921352723,26.05135674044854,25.96405404374175,36.19108637257056,50.38180817431108,28.81508407871513,30.200399576697517,24.406370394951978,21.066880256919312,S
20.08951334196097,-9.522773725232005,-28.27739535488764,1.6499214102494613,19.148349624349827,20.712931379444854,9.164116915634475,13.30160509908075,0.824733249434626,13.496080754035624,20.819847951519943,4.916251657329099,10.323477107474035,12.979537632611729,30.76419400918717,28.81508407871513,34.06729069242471,28.074790104462842,-19.56244491129157,-23.702067262799787,K
-10.407682883159186,-2.617746165224963,-17.696033145204787,5.605285188388076,24.570207649332477,10.460761066335568,20.153919581232817,11.479876244553404,2.0050026717820484,11.97559899520825,3.3710760259672297,18.560090827709676,18.732463894720773,16.75290638749217,28.57092056666553,30.200399576697517,28.074790104462842,51.46221611579757,30.1260607867607,22.651934102984804,G
-8.645045721156878,2.2564631225437544,-28.911407367993714,53.24867001156238,27.697747681145778,22.025722499715684,17.672456020268523,30.011156731923155,-7.859145029539216,6.239010602214539,-31.6678838617701,15.081121288863928,14.4681177121188,9.78350524345938,32.12010725347607,24.406370394951978,-19.56244491129157,30.1260607867607,70.67917685018507,26.811632505774206,E
-18.49435360814079,14.393054846434945,-28.52190651537039,56.30045509727376,19.82087877465882,26.169525292698452,33.98207827018639,23.435812344239952,-27.2656967374086,14.998704835326876,-30.916497815737724,3.6046269677416367,20.10658206151144,9.067812294143561,41.27973242569565,21.066880256919312,-23.702067262799787,22.651934102984804,26.811632505774206,79.66927709957154,D
