W,F,Y,C,I,V,L,M,H,T,R,P,Q,N,A,S,K,G,E,D,AA
0.0004141644232760406,0.0029063732613659955,0.002282157676348548,0.0004141644232760406,0.003739871182214835,0.0020742584526031943,0.0041571398877572234,0.0018664454583160513,0.0016587186398507154,0.0031146179401993356,0.002282157676348548,0.001451077943615257,0.001451077943615257,0.0020742584526031943,0.0024901431832330357,0.0008286720530350114,0.001451077943615257,0.0020742584526031943,0.001451077943615257,0.0006213753106876554,W
0.0029063732613659955,0.0008286720530350114,0.0041571398877572234,0.001243523316062176,0.008770098141574442,0.011304165794431652,0.01641068798653482,0.005620316402997502,0.002282157676348548,0.005620316402997502,0.007507820646506778,0.005829689777222569,0.0031146179401993356,0.0018664454583160513,0.008348987685243165,0.003948462177888612,0.0029063732613659955,0.0041571398877572234,0.0041571398877572234,0.0024901431832330357,F
0.002282157676348548,0.0041571398877572234,0.0018664454583160513,0.0008286720530350114,0.008770098141574442,0.007928228666805759,0.00898078529657477,0.004365904365904366,0.001243523316062176,0.003739871182214835,0.007507820646506778,0.00478369384359401,0.003739871182214835,0.0018664454583160513,0.005201831044527674,0.0018664454583160513,0.0041571398877572234,0.005620316402997502,0.005829689777222569,0.005829689777222569,Y
0.0004141644232760406,0.001243523316062176,0.0008286720530350114,0.0,0.0010360547036883548,0.0031146179401993356,0.002282157676348548,0.0010360547036883548,0.0,0.0010360547036883548,0.001243523316062176,0.0006213753106876554,0.00020703933747412008,0.0008286720530350114,0.0016587186398507154,0.0006213753106876554,0.001451077943615257,0.001243523316062176,0.0004141644232760406,0.0004141644232760406,C
0.003739871182214835,0.008770098141574442,0.008770098141574442,0.0010360547036883548,0.007717980809345015,0.016624579124579125,0.026343743360951775,0.00499271895152902,0.0024901431832330357,0.007087763185324161,0.00813856427378965,0.006458333333333333,0.0033229491173416407,0.003739871182214835,0.011727748691099476,0.003739871182214835,0.005829689777222569,0.004574755666458723,0.0031146179401993356,0.0029063732613659955,I
0.0020742584526031943,0.011304165794431652,0.007928228666805759,0.0031146179401993356,0.016624579124579125,0.010458063166701528,0.02896698615548456,0.010246758678377248,0.005201831044527674,0.009191560476289952,0.011304165794431652,0.006248698187877526,0.00478369384359401,0.0026982150269821504,0.01342563457100902,0.004574755666458723,0.005829689777222569,0.009824414715719064,0.005201831044527674,0.0033229491173416407,V
0.0041571398877572234,0.01641068798653482,0.00898078529657477,0.002282157676348548,0.026343743360951775,0.02896698615548456,0.023300148273670832,0.008559498956158663,0.007297748123436197,0.013000629062696582,0.013000629062696582,0.007087763185324161,0.00499271895152902,0.006039150354019159,0.02113718030014796,0.006248698187877526,0.007297748123436197,0.010246758678377248,0.00478369384359401,0.005620316402997502,L
0.0018664454583160513,0.005620316402997502,0.004365904365904366,0.0010360547036883548,0.00499271895152902,0.010246758678377248,0.008559498956158663,0.0024901431832330357,0.0024901431832330357,0.003739871182214835,0.007297748123436197,0.00499271895152902,0.0016587186398507154,0.0033229491173416407,0.006668055844967702,0.002282157676348548,0.0024901431832330357,0.00478369384359401,0.0020742584526031943,0.0018664454583160513,M
0.0016587186398507154,0.002282157676348548,0.001243523316062176,0.0,0.0024901431832330357,0.005201831044527674,0.007297748123436197,0.0024901431832330357,0.0006213753106876554,0.003948462177888612,0.004365904365904366,0.0033229491173416407,0.0016587186398507154,0.0033229491173416407,0.0026982150269821504,0.0020742584526031943,0.0024901431832330357,0.0026982150269821504,0.003948462177888612,0.0033229491173416407,H
0.0031146179401993356,0.005620316402997502,0.003739871182214835,0.0010360547036883548,0.007087763185324161,0.009191560476289952,0.013000629062696582,0.003739871182214835,0.003948462177888612,0.0033229491173416407,0.008559498956158663,0.00478369384359401,0.0041571398877572234,0.004365904365904366,0.005620316402997502,0.002282157676348548,0.005201831044527674,0.004365904365904366,0.0041571398877572234,0.0026982150269821504,T
0.002282157676348548,0.007507820646506778,0.007507820646506778,0.001243523316062176,0.00813856427378965,0.011304165794431652,0.013000629062696582,0.007297748123436197,0.004365904365904366,0.008559498956158663,0.003739871182214835,0.008559498956158663,0.006877865777407253,0.007717980809345015,0.008559498956158663,0.006248698187877526,0.006458333333333333,0.00961337513061651,0.017909818794774546,0.013000629062696582,R
0.001451077943615257,0.005829689777222569,0.00478369384359401,0.0006213753106876554,0.006458333333333333,0.006248698187877526,0.007087763185324161,0.00499271895152902,0.0033229491173416407,0.00478369384359401,0.008559498956158663,0.0020742584526031943,0.003531366846697133,0.0020742584526031943,0.005411030176899064,0.0024901431832330357,0.0026982150269821504,0.0033229491173416407,0.0026982150269821504,0.0018664454583160513,P
0.001451077943615257,0.0031146179401993356,0.003739871182214835,0.00020703933747412008,0.0033229491173416407,0.00478369384359401,0.00499271895152902,0.0016587186398507154,0.0016587186398507154,0.0041571398877572234,0.006877865777407253,0.003531366846697133,0.001243523316062176,0.002282157676348548,0.005411030176899064,0.003739871182214835,0.0024901431832330357,0.0026982150269821504,0.003531366846697133,0.003948462177888612,Q
0.0020742584526031943,0.0018664454583160513,0.0018664454583160513,0.0008286720530350114,0.003739871182214835,0.0026982150269821504,0.006039150354019159,0.0033229491173416407,0.0033229491173416407,0.004365904365904366,0.007717980809345015,0.0020742584526031943,0.002282157676348548,0.0016587186398507154,0.003739871182214835,0.0024901431832330357,0.003739871182214835,0.0041571398877572234,0.0018664454583160513,0.0031146179401993356,N
0.0024901431832330357,0.008348987685243165,0.005201831044527674,0.0016587186398507154,0.011727748691099476,0.01342563457100902,0.02113718030014796,0.006668055844967702,0.0026982150269821504,0.005620316402997502,0.008559498956158663,0.005411030176899064,0.005411030176899064,0.003739871182214835,0.005829689777222569,0.006039150354019159,0.005620316402997502,0.007717980809345015,0.006039150354019159,0.0026982150269821504,A
0.0008286720530350114,0.003948462177888612,0.0018664454583160513,0.0006213753106876554,0.003739871182214835,0.004574755666458723,0.006248698187877526,0.002282157676348548,0.0020742584526031943,0.002282157676348548,0.006248698187877526,0.0024901431832330357,0.003739871182214835,0.0024901431832330357,0.006039150354019159,0.0004141644232760406,0.0041571398877572234,0.0029063732613659955,0.0041571398877572234,0.003531366846697133,S
0.001451077943615257,0.0029063732613659955,0.0041571398877572234,0.001451077943615257,0.005829689777222569,0.005829689777222569,0.007297748123436197,0.0024901431832330357,0.0024901431832330357,0.005201831044527674,0.006458333333333333,0.0026982150269821504,0.0024901431832330357,0.003739871182214835,0.005620316402997502,0.0041571398877572234,0.0018664454583160513,0.005829689777222569,0.007928228666805759,0.008559498956158663,K
0.0020742584526031943,0.0041571398877572234,0.005620316402997502,0.001243523316062176,0.004574755666458723,0.009824414715719064,0.010246758678377248,0.00478369384359401,0.0026982150269821504,0.004365904365904366,0.00961337513061651,0.0033229491173416407,0.0026982150269821504,0.0041571398877572234,0.007717980809345015,0.0029063732613659955,0.005829689777222569,0.002282157676348548,0.003948462177888612,0.0031146179401993356,G
0.001451077943615257,0.0041571398877572234,0.005829689777222569,0.0004141644232760406,0.0031146179401993356,0.005201831044527674,0.00478369384359401,0.0020742584526031943,0.003948462177888612,0.0041571398877572234,0.017909818794774546,0.0026982150269821504,0.003531366846697133,0.0018664454583160513,0.006039150354019159,0.0041571398877572234,0.007928228666805759,0.003948462177888612,0.0016587186398507154,0.0026982150269821504,E
0.0006213753106876554,0.0024901431832330357,0.005829689777222569,0.0004141644232760406,0.0029063732613659955,0.0033229491173416407,0.005620316402997502,0.0018664454583160513,0.0033229491173416407,0.0026982150269821504,0.013000629062696582,0.0018664454583160513,0.003948462177888612,0.0031146179401993356,0.0026982150269821504,0.003531366846697133,0.008559498956158663,0.0031146179401993356,0.0026982150269821504,0.0010360547036883548,D
