W,F,Y,C,I,V,L,M,H,T,R,P,Q,N,A,S,K,G,E,D,AA
0.0010446591799425438,0.0030749100425253514,0.002943677634591483,0.0005220569042025581,0.0037315875613747954,0.003665881120712228,0.0056408238226420045,0.0014369693011103853,0.0016986802561087156,0.0019605280355509086,0.0036001832820579957,0.0030092895459897947,0.001175395063340734,0.0012407758114020768,0.003665881120712228,0.001175395063340734,0.0008486193615771264,0.0028780743066457353,0.002157003725733708,0.002419091206276561,W
0.0030749100425253514,0.006168788554928468,0.00948116934421912,0.0012407758114020768,0.01274853028601625,0.01187961985216473,0.019076105018278496,0.005970736828292107,0.004126006942170411,0.005970736828292107,0.005377049180327869,0.00432333289663304,0.0043891254503766785,0.0030092895459897947,0.009880121196153339,0.0037315875613747954,0.0042575489618130605,0.006102762648467747,0.0042575489618130605,0.0028780743066457353,F
0.002943677634591483,0.00948116934421912,0.003665881120712228,0.0009793040412613436,0.008087316720362944,0.008087316720362944,0.014021164021164021,0.0033374779137491,0.004191773644223212,0.006036745406824147,0.006961775909628268,0.005311127139203987,0.004060248853962017,0.0034031413612565444,0.0077560141974497175,0.004454926624737945,0.004784061865128777,0.006300866369125755,0.006366918280275681,0.0056408238226420045,Y
0.0005220569042025581,0.0012407758114020768,0.0009793040412613436,0.00019570748254941613,0.002419091206276561,0.002419091206276561,0.0028124795604683108,0.0008486193615771264,0.0013061650992685476,0.0009793040412613436,0.0013715629286134151,0.000783289817232376,0.001110022853411688,0.0006526563111865292,0.0019605280355509086,0.001110022853411688,0.0009793040412613436,0.0015023842184336011,0.000391491582930967,0.0003262217002675018,C
0.0037315875613747954,0.01274853028601625,0.008087316720362944,0.002419091206276561,0.00702791461412151,0.015767854776732475,0.025483245267875057,0.006565126050420168,0.0030092895459897947,0.006036745406824147,0.0049157763649472375,0.005311127139203987,0.0036001832820579957,0.003863026255483533,0.011812842341450538,0.00392875851231011,0.0034031413612565444,0.005047525401507703,0.003665881120712228,0.00392875851231011,I
0.003665881120712228,0.01187961985216473,0.008087316720362944,0.002419091206276561,0.015767854776732475,0.008485167401170822,0.02315648982315649,0.006102762648467747,0.0033374779137491,0.006763411911484668,0.007094062007356805,0.005706789111183995,0.004520736421411256,0.004191773644223212,0.014289494575284467,0.004454926624737945,0.003863026255483533,0.008219898730847636,0.0049157763649472375,0.0039944993779058345,V
0.0056408238226420045,0.019076105018278496,0.014021164021164021,0.0028124795604683108,0.025483245267875057,0.02315648982315649,0.023293065474204098,0.009414708012377378,0.00432333289663304,0.009281811598973077,0.010212822033339923,0.007888509071785432,0.006631212658394065,0.005508919202518363,0.019821737395237463,0.006168788554928468,0.007623554153522608,0.009946643831104671,0.008219898730847636,0.005047525401507703,L
0.0014369693011103853,0.005970736828292107,0.0033374779137491,0.0008486193615771264,0.006565126050420168,0.006102762648467747,0.009414708012377378,0.0013715629286134151,0.0018295870360690017,0.002943677634591483,0.00268131580668367,0.002157003725733708,0.001567807682257643,0.00268131580668367,0.0043891254503766785,0.0022880303327449825,0.0018295870360690017,0.003206176797749133,0.0016332396942575292,0.0016986802561087156,M
0.0016986802561087156,0.004126006942170411,0.004191773644223212,0.0013061650992685476,0.0030092895459897947,0.0033374779137491,0.00432333289663304,0.0018295870360690017,0.001567807682257643,0.0023535564853556486,0.003206176797749133,0.002419091206276561,0.0019605280355509086,0.0025501863597724448,0.003665881120712228,0.003140539125883277,0.0019605280355509086,0.003206176797749133,0.003140539125883277,0.0043891254503766785,H
0.0019605280355509086,0.005970736828292107,0.006036745406824147,0.0009793040412613436,0.006036745406824147,0.006763411911484668,0.009281811598973077,0.002943677634591483,0.0023535564853556486,0.0020915032679738564,0.006366918280275681,0.004784061865128777,0.00268131580668367,0.004191773644223212,0.0077560141974497175,0.004586554842091469,0.0034688134040185875,0.006036745406824147,0.005377049180327869,0.00392875851231011,T
0.0036001832820579957,0.005377049180327869,0.006961775909628268,0.0013715629286134151,0.0049157763649472375,0.007094062007356805,0.010212822033339923,0.00268131580668367,0.003206176797749133,0.006366918280275681,0.0042575489618130605,0.004652381888473888,0.005904736911166514,0.004981646565285789,0.008286202814678416,0.00471821756225426,0.0030092895459897947,0.007557337188670566,0.013217023526301877,0.011612562681446292,R
0.0030092895459897947,0.00432333289663304,0.005311127139203987,0.000783289817232376,0.005311127139203987,0.005706789111183995,0.007888509071785432,0.002157003725733708,0.002419091206276561,0.004784061865128777,0.004652381888473888,0.001895053257531203,0.00392875851231011,0.004191773644223212,0.005772763054316453,0.004060248853962017,0.0034688134040185875,0.0042575489618130605,0.0036001832820579957,0.004191773644223212,P
0.001175395063340734,0.0043891254503766785,0.004060248853962017,0.001110022853411688,0.0036001832820579957,0.004520736421411256,0.006631212658394065,0.001567807682257643,0.0019605280355509086,0.00268131580668367,0.005904736911166514,0.00392875851231011,0.0013715629286134151,0.0030092895459897947,0.005508919202518363,0.0028124795604683108,0.0030749100425253514,0.0042575489618130605,0.003665881120712228,0.0028780743066457353,Q
0.0012407758114020768,0.0030092895459897947,0.0034031413612565444,0.0006526563111865292,0.003863026255483533,0.004191773644223212,0.005508919202518363,0.00268131580668367,0.0025501863597724448,0.004191773644223212,0.004981646565285789,0.004191773644223212,0.0030092895459897947,0.0015023842184336011,0.0049157763649472375,0.00248463449718844,0.0025501863597724448,0.00392875851231011,0.0036001832820579957,0.0032718230598089257,N
0.003665881120712228,0.009880121196153339,0.0077560141974497175,0.0019605280355509086,0.011812842341450538,0.014289494575284467,0.019821737395237463,0.0043891254503766785,0.003665881120712228,0.0077560141974497175,0.008286202814678416,0.005772763054316453,0.005508919202518363,0.0049157763649472375,0.007094062007356805,0.004784061865128777,0.004126006942170411,0.007292556336640168,0.005245213742460005,0.0037973026057352365,A
0.001175395063340734,0.0037315875613747954,0.004454926624737945,0.001110022853411688,0.00392875851231011,0.004454926624737945,0.006168788554928468,0.0022880303327449825,0.003140539125883277,0.004586554842091469,0.00471821756225426,0.004060248853962017,0.0028124795604683108,0.00248463449718844,0.004784061865128777,0.0020915032679738564,0.0026157467957101752,0.0042575489618130605,0.0037973026057352365,0.003665881120712228,S
0.0008486193615771264,0.0042575489618130605,0.004784061865128777,0.0009793040412613436,0.0034031413612565444,0.003863026255483533,0.007623554153522608,0.0018295870360690017,0.0019605280355509086,0.0034688134040185875,0.0030092895459897947,0.0034688134040185875,0.0030749100425253514,0.0025501863597724448,0.004126006942170411,0.0026157467957101752,0.0017641293694870958,0.0034031413612565444,0.007954769574649924,0.007822257279957931,K
0.0028780743066457353,0.006102762648467747,0.006300866369125755,0.0015023842184336011,0.005047525401507703,0.008219898730847636,0.009946643831104671,0.003206176797749133,0.003206176797749133,0.006036745406824147,0.007557337188670566,0.0042575489618130605,0.0042575489618130605,0.00392875851231011,0.007292556336640168,0.0042575489618130605,0.0034031413612565444,0.0033374779137491,0.0042575489618130605,0.004520736421411256,G
0.002157003725733708,0.0042575489618130605,0.006366918280275681,0.000391491582930967,0.003665881120712228,0.0049157763649472375,0.008219898730847636,0.0016332396942575292,0.003140539125883277,0.005377049180327869,0.013217023526301877,0.0036001832820579957,0.003665881120712228,0.0036001832820579957,0.005245213742460005,0.0037973026057352365,0.007954769574649924,0.0042575489618130605,0.0013061650992685476,0.003206176797749133,E
0.002419091206276561,0.0028780743066457353,0.0056408238226420045,0.0003262217002675018,0.00392875851231011,0.0039944993779058345,0.005047525401507703,0.0016986802561087156,0.0043891254503766785,0.00392875851231011,0.011612562681446292,0.004191773644223212,0.0028780743066457353,0.0032718230598089257,0.0037973026057352365,0.003665881120712228,0.007822257279957931,0.004520736421411256,0.003206176797749133,0.0008486193615771264,D
