W,F,Y,C,I,V,L,M,H,T,R,P,Q,N,A,S,K,G,E,D,AA
2.522329589971272,1.0579886910603298,1.2898660180664498,1.2605063951970765,0.997785051827605,1.7673212882953653,1.356900170536534,0.7698962188838087,1.0240918594015418,0.6294602012808784,1.577534856319958,2.0738303956935384,0.810015112222243,0.5981780186769412,1.4721567600593524,1.4184079926864308,0.5848199714640083,1.387519623233909,1.4864837104199156,3.893124114634412,W
1.0579886910603298,7.444185588659929,2.280695285751909,0.9977905483358368,1.4536359890412338,1.0509063709961282,1.162419578870227,1.0623488786338993,1.8079412237510344,1.0623488786338993,0.7161930783242259,0.7416059965188747,1.4092018779342723,1.61231046564031,1.183391516269266,0.9450736497545008,1.4649009535038222,1.4680195550889164,1.0241534027641317,1.1557866736438167,F
1.2898660180664498,2.280695285751909,1.9640976404527073,1.1817751517921264,0.9221466612813841,1.0200660273868312,1.5612403100775194,0.7644413697682462,3.370884638896167,1.6141586468358122,0.9272698746296539,1.1102564906649028,1.0856654296732882,1.8233275159976732,1.4910161693177337,2.3868506871651523,1.1508060816567272,1.1210874828622268,1.0921538750058606,0.9676027435767696,Y
1.2605063951970765,0.9977905483358368,1.1817751517921264,inf,2.3349068322981363,0.7766895499618611,1.2323774074052052,0.8190874077942424,inf,0.9452242606254488,1.1029651884266214,1.260574412532637,5.361410381978453,0.787593003524344,1.181953339432754,1.7863967787572097,0.6748803850063888,1.2081673089903544,0.9452564269868198,0.787662295295883,C
0.997785051827605,1.4536359890412338,0.9221466612813841,2.3349068322981363,0.9105898016242843,0.9484664037852243,0.9673357699668378,1.3149400385154062,1.208480526843735,0.8517137563686892,0.6040102651494144,0.822368073167069,1.083430156444328,1.032930298202347,1.0072557532218986,1.0505063733193645,0.5837602842183994,1.1033431661750246,1.1769922318233395,1.3517735538427,I
1.7673212882953653,1.0509063709961282,1.0200660273868312,0.7766895499618611,0.9484664037852243,0.811351706899954,0.7994097038214685,0.5955798160198523,0.641596754139127,0.7358284731881161,0.6275617446137677,0.9132764840931452,0.9450304658324051,1.5535358013744183,1.064344072505954,0.9738064608347626,0.662646968038836,0.8366807559228742,0.9450088483974569,1.202094656538537,V
1.356900170536534,1.162419578870227,1.5612403100775194,1.2323774074052052,0.9673357699668378,0.7994097038214685,0.999696019124705,1.0999134482753083,0.5924201306357733,0.7139509599274614,0.785563681887066,1.1129758240398446,1.3281766353708446,0.9122010348445925,0.9377663961686844,0.9872117950737191,1.0446447348655552,0.9707112408233171,1.718316221648497,0.898085630697889,L
0.7698962188838087,1.0623488786338993,0.7644413697682462,0.8190874077942424,1.3149400385154062,0.5955798160198523,1.0999134482753083,0.5507968127490039,0.7347316605680433,0.7871066919604893,0.3674168745387109,0.432029871233414,0.9451920564410765,0.8069084755738669,0.6582316573861775,1.0025732912573468,0.7347316605680433,0.6702303497207753,0.7873848566015548,0.9101151327729141,M
1.0240918594015418,1.8079412237510344,3.370884638896167,inf,1.208480526843735,0.641596754139127,0.5924201306357733,0.7347316605680433,2.5231251633133,0.5960691477648096,0.7343671617701585,0.7279952598888525,1.181953339432754,0.7674467076440201,1.3586319415070396,1.5140539125883277,0.7873153836099858,1.188258447042717,0.7953828565131752,1.3208524402227317,H
0.6294602012808784,1.0623488786338993,1.6141586468358122,0.9452242606254488,0.8517137563686892,0.7358284731881161,0.7139509599274614,0.7871066919604893,0.5960691477648096,0.6294117647058824,0.743842403963915,1.0000769325017025,0.6449905172977568,0.9601157727958881,1.3799960075758684,2.009744939898262,0.6668446887885333,1.382702162229721,1.2934491803278687,1.4560583471007778,T
1.577534856319958,0.7161930783242259,0.9272698746296539,1.1029651884266214,0.6040102651494144,0.6275617446137677,0.785563681887066,0.3674168745387109,0.7343671617701585,0.743842403963915,1.1384212862892367,0.5435343718485348,0.858512960599301,0.6454598279454073,0.9680710117636492,0.7550720838794234,0.4659545103468069,0.786127357560623,0.737976395950926,0.8932308294809252,R
2.0738303956935384,0.7416059965188747,1.1102564906649028,1.260574412532637,0.822368073167069,0.9132764840931452,1.1129758240398446,0.432029871233414,0.7279952598888525,1.0000769325017025,0.5435343718485348,0.913605175455793,1.112531969309463,2.0208540738800105,1.066851018307329,1.6305282689369136,1.2855956138893503,1.281256140695618,1.3342833117658017,2.2458591680493702,P
0.810015112222243,1.4092018779342723,1.0856654296732882,5.361410381978453,1.083430156444328,0.9450304658324051,1.3281766353708446,0.9451920564410765,1.181953339432754,0.6449905172977568,0.858512960599301,1.112531969309463,1.1029651884266214,1.3186159646973463,1.0180906449269513,0.7520257846963322,1.2348326245774726,1.5779131460011788,1.0380912773593334,0.7289101875568041,Q
0.5981780186769412,1.61231046564031,1.8233275159976732,0.787593003524344,1.032930298202347,1.5535358013744183,0.9122010348445925,0.8069084755738669,0.7674467076440201,0.9601157727958881,0.6454598279454073,2.0208540738800105,1.3186159646973463,0.9057498856881573,1.314423980249503,0.9977878034959244,0.6818914971991542,0.9450628601361969,1.9288981984537397,1.0504733237359858,N
1.4721567600593524,1.183391516269266,1.4910161693177337,1.181953339432754,1.0072557532218986,1.064344072505954,0.9377663961686844,0.6582316573861775,1.3586319415070396,1.3799960075758684,0.9680710117636492,1.066851018307329,1.0180906449269513,1.314423980249503,1.2168849936190977,0.7921746578051168,0.7341236055624687,0.944878785887918,0.8685350479756188,1.407338765725567,A
1.4184079926864308,0.9450736497545008,2.3868506871651523,1.7863967787572097,1.0505063733193645,0.9738064608347626,0.9872117950737191,1.0025732912573468,1.5140539125883277,2.009744939898262,0.7550720838794234,1.6305282689369136,0.7520257846963322,0.9977878034959244,0.7921746578051168,5.049934640522876,0.6292178917080826,1.4649009535038222,0.913441141809611,1.0380912773593334,S
0.5848199714640083,1.4649009535038222,1.1508060816567272,0.6748803850063888,0.5837602842183994,0.662646968038836,1.0446447348655552,0.7347316605680433,0.7873153836099858,0.6668446887885333,0.4659545103468069,1.2855956138893503,1.2348326245774726,0.6818914971991542,0.7341236055624687,0.6292178917080826,0.9451813132963085,0.5837602842183994,1.003347646613081,0.9138685944145973,K
1.387519623233909,1.4680195550889164,1.1210874828622268,1.2081673089903544,1.1033431661750246,0.8366807559228742,0.9707112408233171,0.6702303497207753,1.188258447042717,1.382702162229721,0.786127357560623,1.281256140695618,1.5779131460011788,0.9450628601361969,0.944878785887918,1.4649009535038222,0.5837602842183994,1.4624221403882418,1.0782802949602341,1.4514577737011072,G
1.4864837104199156,1.0241534027641317,1.0921538750058606,0.9452564269868198,1.1769922318233395,0.9450088483974569,1.718316221648497,0.7873848566015548,0.7953828565131752,1.2934491803278687,0.737976395950926,1.3342833117658017,1.0380912773593334,1.9288981984537397,0.8685350479756188,0.913441141809611,1.003347646613081,1.0782802949602341,0.7874542842215256,1.188258447042717,E
3.893124114634412,1.1557866736438167,0.9676027435767696,0.787662295295883,1.3517735538427,1.202094656538537,0.898085630697889,0.9101151327729141,1.3208524402227317,1.4560583471007778,0.8932308294809252,2.2458591680493702,0.7289101875568041,1.0504733237359858,1.407338765725567,1.0380912773593334,0.9138685944145973,1.4514577737011072,1.188258447042717,0.8190874077942424,D
